-0.875
-0.875
0
1
0
0
0
1
0
0
0
1
0
0
0
0
0
0
0
0
-0.000296731446074339
1.45835706476459e-05
-0.000315664180405485
-4.94904951587838e-05
3.67644224847012e-05
0.000126874722565297
0.000155863820561221
0.000480508229824844
0.00018931375684789
-1.69396872832656e-05
0.000207579988147486
4.03653646602662e-05
0.0001010961081284
0.000329568331600418
0.000257038752101328
0.00081188906469992
0
0
0
0
0
0
0
0
-0.883388975622308
-0.625345595646075
0.00407130907428862
0.997754523438913
0.0659979791614677
0.0114095444209298
-0.0662852018665371
0.997436513470578
0.0269568842650258
-0.009601196321549
-0.0276526371684211
0.999571482529811
0
0
0
0
0
0
0
0
4.28415443645131e-05
2.58292450293903e-06
3.9655028036413e-05
-8.17739893686389e-06
-0.000144292549244845
-0.000460580662111161
-6.71384698997141e-05
-0.000216136501172325
0.000229135450385974
-8.9183564371677e-06
0.000209873083986541
-1.10789311021908e-05
-0.000109940086418781
-0.000344258217582918
-3.7406624316963e-05
-0.000123779852172669
0.000322522892732653
2.46150765453871e-05
0.000303321607201254
-3.28527908936677e-05
-4.84089107895212e-05
-0.000111596206022737
6.64268900928789e-05
0.000192180762511318
-0.892266895557728
-0.375817431622756
0.0138389110662903
0.999864912005516
0.00843189402914085
0.0141088944748484
-0.00912972733255854
0.998699965314426
0.0501500484532144
-0.0136676925285279
-0.0502720841432573
0.998642033832401
0
0
0
0
0
0
0
0
3.39336252762087e-05
-4.93844832570291e-06
3.24699250744933e-05
-7.03370523282787e-06
1.9101506901583e-05
6.30204228673308e-05
5.53173374631835e-05
0.000173463469253555
-6.88938779915663e-06
5.36636215257822e-06
-3.0405435394146e-06
4.57880358421737e-06
6.0918688822415e-05
0.000192735667859423
0.000104266344140729
0.000339126573300267
-3.87185865363151e-05
1.75478245531061e-06
-4.23506406551907e-05
-1.27273126023041e-05
-8.2824024068799e-05
-0.000251512644991256
-4.98948050331138e-05
-0.000188554408620827
-0.901352943093172
-0.126538988101221
0.028770708823753
0.997955615620674
0.0607489313737139
0.0198533772506093
-0.0619876195332124
0.995671352702793
0.0692538261172112
-0.0155603430528038
-0.0703429082723999
0.997401499387303
0
0
0
0
0
0
0
0
5.86855758417072e-05
-1.02129012606929e-05
5.08090362418974e-05
-4.68137787584769e-06
-2.99175845815367e-05
-9.4184418683222e-05
-1.12198309438731e-05
-3.6782303886453e-05
1.25472043769589e-05
-3.8351547049934e-06
1.01713308771516e-05
-1.85784965865541e-06
-2.42379835385828e-05
-7.78231436173866e-05
-1.22232503416708e-05
-3.9121516856803e-05
-2.66762232766416e-05
-7.87383036558004e-06
-2.82154609731086e-05
-4.0530461510002e-06
9.35213015608184e-06
4.309940824253e-05
3.17377292685712e-05
9.54925807385029e-05
-0.910849281901884
0.122417307159025
0.0483735049938987
0.999754525353165
0.0136505686228273
0.0174513899782962
-0.015135672980541
0.996004421777614
0.0880119492069629
-0.0161802484322082
-0.0882544830365636
0.995966538486597
0
0
0
0
0
0
0
0
3.46409669853059e-05
-4.98123854662097e-06
3.34051105555446e-05
-4.98731232229071e-06
1.30187790618427e-05
4.12504382277532e-05
2.28335973246738e-05
7.41136752374363e-05
8.81514016472376e-06
1.15115330604134e-06
1.07754120703528e-05
3.39218443238246e-06
3.75580450655063e-07
1.75337847799916e-06
5.57751681687508e-06
1.67300222668282e-05
-4.57260230169459e-05
-6.16273557345723e-06
-5.36243463369828e-05
-6.0196601028411e-06
-1.98044046537573e-05
-5.9758861173405e-05
-8.60323900943697e-06
-3.52176429543351e-05
-0.920629262285824
0.3709747477972
0.072444496859255
0.997946815150504
0.0600088510518009
0.0223850826792138
-0.0620341329032128
0.99256571007238
0.104714266192016
-0.0159348826818586
-0.105887907641177
0.994250386235717
0
0
0
0
0
0
0
0
3.26725137100175e-06
-5.02022762847693e-06
7.38790080339294e-07
-3.13650554097022e-06
1.69406530462637e-05
5.68776387554639e-05
1.36804374358028e-05
4.26281609350639e-05
-4.44312664636299e-05
6.36013087697113e-07
-4.11872640373578e-05
5.86439006318933e-07
-3.44722289847028e-05
-0.000116898596380121
-3.02255279545701e-05
-9.38457458449244e-05
-2.84695450171671e-05
-7.90463528821079e-06
-2.9713593050135e-05
-2.89657098914426e-06
1.87855544090962e-05
6.50590800109871e-05
1.92792259342493e-05
5.9496620627173e-05
-0.930749453813256
0.61907841569926
0.100785911760829
0.999716811604373
0.0162735251676505
0.0173628619255035
-0.018277147160042
0.992325921776692
0.122291499551749
-0.0152395041690354
-0.122574211600701
0.992342340205254
0
0
0
0
0
0
0
0
4.58290115992493e-05
-6.38457155297683e-07
4.84666818109904e-05
-1.96003810726161e-06
3.13397028835453e-05
9.70921836708443e-05
3.56641417130375e-05
0.00012114326576279
4.98602436426299e-05
6.53946092978123e-07
5.46649237811193e-05
3.96559497931102e-06
-3.80499568814891e-05
-0.000118784323257257
-5.11669591731448e-05
-0.000170415522560566
2.75970286104641e-06
-3.18725008634163e-06
2.3094253105746e-07
-4.846237129291e-06
1.0261689795975e-05
3.19927149012125e-05
1.34397800066677e-05
4.48947439282066e-05
-0.94111218824247
0.866662211171713
0.133326890805139
0.997936209611308
0.0600485512430649
0.0227484733635641
-0.0626251313841182
0.988434930178399
0.138110396870404
-0.0141920564374858
-0.13924999209401
0.990155556080537
0
0
0
0
0
0
0
0
0
0
0
0
0
0
0
0
-4.46177100981094e-05
-6.50459575340906e-08
-4.20664322884251e-05
-1.17533423923003e-06
-3.72859571474241e-05
-0.000125785187746268
-3.13414161426036e-05
-9.74857075228164e-05
-4.72158917184287e-05
-7.19080438121604e-07
-4.45652118266805e-05
-6.0436617566398e-07
4.4300301524895e-05
0.000146856333290537
3.18798154082711e-05
9.98847550424584e-05
-0.625327403815843
-0.866141372442016
0.00412610338418775
0.997462632284188
0.065626020867258
0.0275956986127475
-0.0659095794092611
0.997780436106848
0.00949361177930187
-0.0269114202317422
-0.0112883438843072
0.999574083674379
-0.000205256398580957
-2.95490155010445e-05
-0.000188627135432433
2.69753235324366e-05
4.80603855011093e-05
0.000201899034469635
0.000122423784748235
0.000369703270334681
-9.30458918448243e-05
3.46272042935884e-06
-8.09253029875889e-05
1.15341564728435e-05
-0.000213459495038217
-0.00069205014763427
-0.000121351242956885
-0.000385309176219179
2.33248744944727e-05
-1.36468693427567e-05
1.89672406650738e-05
3.5706905160917e-07
-9.55530286641532e-05
-0.000299549980538672
-3.32332758930626e-05
-0.000109744390862751
0
0
0
0
0
0
0
0
-0.633755750172533
-0.61645210165226
0.01
0.999471601549882
0.0066338156084575
0.0318199652072785
-0.00770023455844082
0.999408733641346
0.0335095435533416
-0.0315788549992578
-0.0337368583582041
0.998931729551655
-0.000206059536018448
-4.98499682223734e-06
-0.000225613695319807
-1.33718645858308e-05
-5.62182116609128e-05
-0.000168024944124033
-1.03464732645771e-05
-5.82087384702117e-05
0.000144970807327535
-2.77692348069059e-06
0.000157137134164671
1.45430190045037e-05
1.20146390287042e-05
4.10068082195114e-05
4.66691651013521e-05
0.000144321975524867
-0.000199807457181541
3.84845033191015e-06
-0.000213682081353168
-1.0117236165073e-05
5.6193795898736e-05
0.000177866383585008
9.69678046906379e-05
0.000315176364567827
7.00762775421053e-05
3.02794666550744e-06
8.14558993723118e-05
1.6890510350917e-05
-0.000126318974626639
-0.000385993173868349
-9.68460580347476e-05
-0.000349121295065121
-0.64259454491342
-0.366912393314029
0.0203576577964719
0.997553591543747
0.0595346512874611
0.0366395591454548
-0.061375470187502
0.99679273059636
0.051354687124788
-0.0334646628185672
-0.0534778227539404
0.998008135646192
-1.69086789858222e-06
8.70588293693663e-06
1.98793304776844e-06
3.30997512585424e-06
4.84854350609882e-05
0.000173083013972789
6.04083321684222e-05
0.000185234864569201
7.19303370457987e-05
8.71980897449558e-07
6.9014153222178e-05
4.36813077093215e-06
-5.85280027521799e-05
-0.000191476594496262
-3.6847810511711e-05
-0.000116279583822995
-2.64582279140931e-05
7.07401242582748e-06
-2.2799701598913e-05
-1.06590921740157e-07
-1.67501080880116e-05
-5.09352218105679e-05
-2.55690063041763e-06
-9.50930515637982e-06
-0.000158690241041576
-4.9257989697782e-06
-0.000146583457265203
1.08251447931051e-05
-6.0079131004956e-06
-1.00173780803608e-05
1.61253555590029e-05
4.7292958406576e-05
-0.651695431041402
-0.117621706581524
0.0356589112698541
0.999328059487061
0.0113459282032811
0.0348525384303694
-0.0138103876239692
0.997358979846287
0.0713045476376707
-0.0339514758958641
-0.0717379622887603
0.996845505608218
-7.99998191062756e-06
-2.30862483683179e-06
-1.03874717832064e-05
-2.59793494579832e-06
-1.63814807185573e-05
-4.99634853512501e-05
-1.17663384555012e-05
-4.29250182507794e-05
2.67226016780122e-05
1.07617906929057e-06
3.07034388879549e-05
6.99448414374904e-06
1.62469243915923e-05
5.11597770895586e-05
2.56841157729362e-05
8.41452587437939e-05
-2.9490137037599e-05
4.60477569566933e-07
-3.14031213187309e-05
-4.55957662247915e-07
2.20302343476115e-05
6.92074019087125e-05
3.34185290455178e-05
0.00010992309925558
-7.34679657863103e-05
1.00000384978447e-06
-7.64290042177529e-05
8.55695686870877e-06
-3.49640121537451e-05
-0.000107312569756002
-3.0950954095952e-05
-0.000108930078399731
-0.661179858699644
0.13134281891475
0.0554493219800578
0.997564852234199
0.057822731798043
0.0389986829841649
-0.0610427127952772
0.994321037077583
0.0871748956982655
-0.03373652029619
-0.0893431973505638
0.995429374835707
-1.25151274941927e-05
1.75625344134205e-06
-1.05551323427307e-05
2.30089035380022e-06
-5.20757897220141e-06
-1.56281770789522e-05
-3.67246283580881e-07
-1.68427997072918e-06
-7.54129599095226e-06
2.28145176165822e-06
-5.22455674393599e-06
4.09487363644013e-06
1.76914580046466e-06
5.5887472457561e-06
7.02316122602402e-07
2.29056201083909e-06
-9.06237376173752e-06
8.78960997840858e-07
-7.77780759049254e-06
1.53838430665208e-06
-9.61093462350165e-06
-3.28994542011192e-05
-9.06288094074226e-06
-2.80562856523218e-05
-3.34610248289397e-05
1.58467083417717e-06
-2.94888912439378e-05
4.78601424303563e-06
1.42307378845259e-05
4.9137635868817e-05
1.42936528106156e-05
4.41440560077778e-05
-0.670962499305434
0.379921458982908
0.0795551572443532
0.999306877832286
0.0134526742411701
0.0347100773964055
-0.0170543797757657
0.99425705177468
0.105650665532028
-0.0330894552321674
-0.10616939555568
0.993797337187187
4.15370023975642e-05
3.66872293810091e-07
4.47929615999027e-05
1.78165706471151e-07
-2.99735949855696e-05
-9.37441893194578e-05
-4.1826308434891e-05
-0.000138754411019487
3.40575430248499e-05
4.77668786549541e-07
3.80742922733181e-05
6.00635146307907e-06
2.6821448431594e-05
8.30801573283356e-05
3.03776251019132e-05
0.000103245460230949
4.1850458668072e-06
7.93786667110742e-07
5.19701136613141e-06
1.34040272673061e-06
-7.06059929449161e-06
-2.21961577468566e-05
-1.08444318916786e-05
-3.56270771975177e-05
2.15663435648728e-06
1.53473628861384e-06
4.4735940287133e-06
6.41529695782787e-06
3.80364509894515e-06
1.18370068139301e-05
4.78873081471531e-06
1.6067701848265e-05
-0.681075175138501
0.628043418435364
0.107847487103734
0.997545878169958
0.0578469845504983
0.0394454981546271
-0.0622268586261327
0.990729460465437
0.120759903247655
-0.032094220847363
-0.122918113170005
0.991897725798278
-5.56799832768893e-05
9.42870190291198e-07
-5.08874687079655e-05
3.03748206295171e-06
-4.63280876808101e-05
-0.000156531050167101
-3.94348630307456e-05
-0.000122593152165358
-4.70475477142135e-05
6.82505582074654e-07
-4.29262829143748e-05
3.04047996939822e-06
5.33918468987432e-05
0.000176844344082864
3.81039280308975e-05
0.000119435832892322
-2.71807305123137e-05
9.72391633462565e-07
-2.42040031234494e-05
3.17896655604053e-06
-2.41620640126628e-05
-8.27159298985755e-05
-2.27954299292904e-05
-7.05674564347203e-05
-4.02459520195769e-05
7.38079761697577e-07
-3.62194733526816e-05
4.2258319129358e-06
3.50936896386806e-05
0.00011569852022121
2.39306732424637e-05
7.5187529124679e-05
-0.6914434787842
0.875644172379163
0.140297162148502
0.999350722040645
0.0138039016560239
0.033280424515461
-0.0183081266626314
0.990111040039901
0.139086091649976
-0.0310313849989828
-0.139605088343631
0.989720906344235
4.37147516215425e-05
-1.26298918078801e-07
4.62760170921599e-05
-2.66697990051771e-06
-3.25888154962913e-05
-0.000101772564127754
-4.41681991308126e-05
-0.000146983677972791
0
0
0
0
0
0
0
0
4.51178967012131e-06
-2.10923636743391e-06
2.35991288568086e-06
-6.49665404418231e-06
-1.34293537951056e-05
-4.23625588183351e-05
-2.19073283397843e-05
-7.15663718987507e-05
4.14392579518682e-05
3.49527188980941e-07
4.55431428926302e-05
3.90215080100375e-06
4.03386119802577e-05
0.000125072731576913
4.67674608621758e-05
0.000158484355696331
-0.375804300902414
-0.85745697737606
0.0139449849931283
0.998739632021387
0.00598892216014553
0.0498325219229253
-0.00682091785065195
0.999839896515369
0.0165425637622348
-0.049725471435823
-0.0168616175829254
0.998620580272126
-1.62880127760796e-05
-7.83560259543889e-06
-2.08427691853347e-05
1.47809809502093e-06
-4.97703429842755e-05
-0.000148350883237063
-5.65451488477218e-06
-4.11433843118629e-05
-6.55895874933305e-05
-4.8073114197263e-06
-7.41010889944396e-05
-6.15937461138189e-06
8.73069221519366e-06
2.98926733121171e-05
3.47835092446923e-05
0.000107466390022376
-7.00759899993788e-05
-3.66141857462742e-06
-7.81776520075813e-05
-6.84827820705844e-06
3.81140340749446e-05
0.000122251455160451
7.98331746593834e-05
0.000255498646214311
0
0
0
0
0
0
0
0
-0.384221836978285
-0.607791288374376
0.0204023341526449
0.996884799420772
0.0582842244835787
0.0531379888622731
-0.060127782714545
0.997618929583079
0.0337804837661202
-0.0510425942700033
-0.0368703202316449
0.998015647701102
0.000212600193375978
6.25798468246964e-06
0.000198577834656951
-8.3649668782711e-06
4.52226859182143e-05
0.000162924292521112
5.94503432498133e-05
0.000182010957723202
5.6467999212676e-05
-4.29169253214561e-06
5.20322875302752e-05
7.23876151946853e-07
-5.41663526581407e-05
-0.000175366816779837
-3.03110183979354e-05
-9.63379591153285e-05
-4.16799160791624e-05
3.90137496435743e-06
-3.83931856716733e-05
-1.79087569750345e-06
-3.30331413842176e-05
-0.000105090782649393
-1.46411640971154e-05
-4.73130479712753e-05
7.82813696597942e-05
-7.97605565686317e-06
6.97392346128956e-05
-4.84159828219152e-06
-6.78812219223201e-07
6.67538147009574e-06
1.79622385398379e-05
5.33655211150336e-05
-0.393069326364268
-0.358277032881947
0.0314533062008808
0.998576355559867
0.00984215377050497
0.0524251287645581
-0.0127105907617128
0.998423810579771
0.0546656688417029
-0.0518044689125183
-0.055254198723564
0.997127509661725
2.08489045681247e-05
4.26671946134992e-06
2.45006634501935e-05
-1.11108806533355e-06
-3.14299282534284e-06
-8.4414868532562e-06
7.74508080365417e-06
2.14393959261917e-05
6.69080527746407e-06
-2.00390619851799e-06
6.35351332756152e-06
1.3802147939894e-06
6.15282028510037e-07
2.50662956736193e-06
5.94279872725522e-06
1.79311443240782e-05
-2.75925053467799e-05
3.88648576929462e-06
-2.68637353956584e-05
2.66534745332055e-06
1.55743287544327e-05
4.90243168893476e-05
2.44754775565795e-05
8.02309067009975e-05
-5.22964051220074e-05
-2.30989191835409e-06
-5.67811917537557e-05
2.52049711527818e-06
-3.36752956411123e-05
-0.000102865971756628
-2.55416882322557e-05
-9.22557324986971e-05
-0.40217741836275
-0.109005664375298
0.0469935110147073
0.996864252860995
0.0561957858249658
0.0557108160376205
-0.060029824953675
0.995758801822095
0.0697196436461365
-0.0515565852641608
-0.0728453310077326
0.996009777194212
3.08330610938329e-05
7.38766439710424e-07
2.89074210846919e-05
-5.66384371561846e-07
2.26392518397104e-05
7.80309671448227e-05
2.24536772067792e-05
6.93770742981272e-05
9.84258302078705e-06
-7.37276673039667e-07
9.42415609613614e-06
1.37864493473064e-06
-7.53681032109673e-06
-2.54473019197339e-05
-6.37947489691718e-06
-1.98368630615059e-05
-1.10840422051298e-05
1.44563952208935e-06
-1.00413891227456e-05
-2.64466224115353e-07
-1.1561920511973e-05
-3.87137947827902e-05
-9.11692075667482e-06
-2.84386584862217e-05
-5.58457330680348e-06
-3.37411882781031e-06
-5.92304265602918e-06
8.31472121138838e-07
-1.17792690068218e-06
-2.36213836169491e-06
2.34077091437109e-06
6.83053381233685e-06
-0.411657906881931
0.139954015212624
0.0668438632776676
0.998572499083823
0.0115730767381376
0.0521442994809203
-0.0161940756850189
0.995892117467806
0.0890878346270117
-0.050899076477294
-0.0898050903938182
0.994657895838303
6.75710401021511e-06
5.90742397710009e-07
8.04291188821423e-06
2.32611890692059e-06
-7.75542888540126e-06
-2.43210497281369e-05
-1.13918166144276e-05
-3.75909307195189e-05
1.30735531038414e-05
-4.80868445236629e-07
1.42551270917248e-05
2.37295371573472e-06
9.38497854511861e-06
2.89943424936625e-05
9.96979997005329e-06
3.41701298480975e-05
4.121715310609e-06
1.4552491829848e-06
5.82873484985474e-06
2.94614041828154e-06
1.45382185231705e-06
4.23124391150633e-06
-7.28467390709073e-07
-1.44951121233259e-06
-1.01590544802575e-05
-3.52998046571831e-07
-1.05774042172016e-05
2.50126450065619e-06
-5.61927019800793e-06
-1.74817511563445e-05
-7.02873596722075e-06
-2.36018702412703e-05
-0.42143773544396
0.388530941317945
0.090908057020045
0.996853244353955
0.055860091130007
0.0562428612368728
-0.061467075193099
0.992731185072888
0.103472667171985
-0.0500540496701491
-0.106604148153004
0.993040859032897
-6.03438968114156e-06
1.25292926262799e-06
-5.02375578645611e-06
9.10010969204713e-07
-8.49791522119304e-06
-2.91911854677303e-05
-8.22373953538713e-06
-2.5433140436223e-05
-1.01322798077168e-05
4.21723620594436e-07
-9.03945459595409e-06
1.08359474221604e-06
2.25662449876633e-05
7.31875227003017e-05
1.28889855139438e-05
4.09118491506513e-05
-1.65508976902409e-05
1.24649161144324e-06
-1.46527212156186e-05
1.61581158095642e-06
-1.02801927701351e-05
-3.64813237680633e-05
-1.23621152189016e-05
-3.79483988673279e-05
-1.47000874920696e-05
-8.16145041314741e-07
-1.35164367565041e-05
1.61781006827959e-06
1.33840141940825e-05
4.38255542874057e-05
8.50905206240177e-06
2.68373970775483e-05
-0.431541890888208
0.636661161834876
0.119115041882823
0.99863291680122
0.0124153396579698
0.0507755533926245
-0.0185590466121387
0.992310030196193
0.122377962729242
-0.0488657269462174
-0.123153007734688
0.991183876693337
2.25666317935757e-05
6.98503562335075e-07
2.55517779398486e-05
4.70049962375677e-06
-2.04628687545159e-05
-6.41507959542579e-05
-2.98704893368356e-05
-9.86288018918361e-05
3.76197713955812e-05
7.34980424787943e-07
4.08668456062283e-05
4.35465497495739e-07
2.07704015446056e-05
6.45015641957669e-05
2.49732328312624e-05
8.42525384930064e-05
2.06897549717829e-05
1.81741725889189e-06
2.39822462282477e-05
3.86624032330889e-06
-1.01979169760272e-05
-3.23330050492995e-05
-1.8054395076481e-05
-5.85512140564696e-05
8.34062626099302e-06
2.32619955525155e-07
9.42512843311043e-06
1.53615231536763e-06
1.47587841280226e-05
4.52570847595828e-05
1.27159323849913e-05
4.49470228634314e-05
-0.441922840448268
0.884274622635082
0.15146034198308
0.996845630521293
0.0558850004569047
0.0563529558648593
-0.063146138986366
0.988610018295285
0.136611847431681
-0.0480765435728164
-0.139739394772982
0.989020499033192
1.30047810348214e-06
-3.21526742145771e-06
-8.58368514256878e-07
-4.13719842443374e-06
-9.43470404281205e-06
-3.32069427953565e-05
-1.07823284864167e-05
-3.31524914145522e-05
0
0
0
0
0
0
0
0
-1.0598333268579e-05
-5.20971108480669e-06
-1.26283118712472e-05
-4.34917606933399e-06
-5.47781207195458e-06
-1.95643590006205e-05
-6.84827859515506e-06
-2.09981345681021e-05
-4.11742383298677e-05
1.37683624883425e-06
-3.79247425744914e-05
8.41802377173572e-07
2.69171079000031e-05
8.96640631400475e-05
2.02634085528837e-05
6.33471143810581e-05
-0.126488912539807
-0.84928581639756
0.0289138169905533
0.995933301224991
0.0565813529316269
0.0701099851077013
-0.0578504805322102
0.99819374362493
0.0162040763510885
-0.0690664999371418
-0.0201940755820806
0.997407648806639
8.20493462126158e-05
-6.00581560094044e-06
7.38165508116453e-05
-5.17116937486924e-06
2.8956570114735e-05
0.000109135358405914
4.80174679029282e-05
0.000146155046037304
1.1722809012847e-05
4.31225256644059e-06
1.28844670890724e-05
2.10386690088561e-06
-4.68164413864137e-05
-0.000152122696501165
-2.73243547271089e-05
-8.6614042237944e-05
-2.89144275502339e-05
-3.50802819687579e-06
-2.94705293622281e-05
-5.08456518021386e-06
-2.93858421337178e-05
-9.24943876526476e-05
-1.09806477557731e-05
-3.60090900825899e-05
0
0
0
0
0
0
0
0
-0.134913494628094
-0.599597092195391
0.0357466904367657
0.997518058778892
0.00840710195029553
0.0699073890725354
-0.0110835992212934
0.999216763453263
0.0379870170228607
-0.0695332743256251
-0.0386675609625619
0.996829947127848
3.88421740980092e-05
2.27912574518822e-06
4.21042759144441e-05
-3.96149960683795e-06
-1.80903593958532e-05
-5.48491755311645e-05
-1.01394151816668e-05
-3.89334492795013e-05
1.29851924621763e-05
9.74204000591578e-07
1.50808608449201e-05
2.8947373387243e-06
1.74360550824153e-05
5.46623196636585e-05
2.54602931914171e-05
8.40645340713326e-05
-2.68093126236485e-05
2.47333267365451e-06
-2.75035618879783e-05
-7.59125646786505e-07
1.44281444542497e-05
4.53839149710542e-05
2.23964962717106e-05
7.35037076929089e-05
-1.60239431929069e-05
2.82871255466573e-06
-1.48965410112922e-05
3.47427842150961e-06
-2.67534429061863e-05
-8.19117509573454e-05
-2.19394003169698e-05
-7.81787115880141e-05
-0.143758491543857
-0.350082374439666
0.0470422357867355
0.995875552221872
0.0547914195497151
0.0723172512668327
-0.0586469054984005
0.996907216502644
0.0523119695729165
-0.0692273425932758
-0.0563373945870479
0.996008871952856
2.32342352032584e-05
6.25341889352439e-06
2.39553905588027e-05
1.58785172732807e-06
1.07941414487601e-05
3.82644730011387e-05
1.28950550144694e-05
3.95916913232242e-05
1.48919756205722e-05
1.85361363314632e-06
1.5226383840258e-05
2.55283273587475e-06
-1.69263862262611e-05
-5.66136944151933e-05
-1.32163432179814e-05
-4.12446925543495e-05
-1.38564318820763e-05
4.76402229839364e-06
-1.12629643882594e-05
1.28918418679065e-06
-9.26589405744178e-06
-3.11250036091653e-05
-7.51023200142106e-06
-2.33972637307273e-05
-1.65878121134483e-05
1.56414103864534e-06
-1.4498308514901e-05
2.06773208642074e-06
1.78840521490069e-05
6.10538049022944e-05
1.65213665407705e-05
5.11870510486991e-05
-0.152875606206853
-0.100804102823804
0.0626553020057747
0.997525875301926
0.00998082205236053
0.0695881548429149
-0.0150376975722001
0.997253007609037
0.0725279702364102
-0.0686731079462727
-0.0733949726211191
0.994935767896218
9.93273908325159e-06
8.57439979021364e-07
1.09755862550646e-05
-6.89366926930936e-07
-9.01970995707561e-06
-2.81242691948671e-05
-1.1840871762849e-05
-3.95422834709018e-05
8.49134482204345e-06
9.56823906253904e-07
1.0412812020315e-05
3.74991490669791e-06
7.42252132239815e-06
2.27644947995763e-05
6.4260437907085e-06
2.26963978748603e-05
-9.64497438440958e-06
1.38513931829044e-06
-9.49655534710722e-06
3.12753368644509e-07
6.56921042407972e-06
2.0071482748238e-05
5.02522632740429e-06
1.81231010670445e-05
-1.76491397963678e-05
1.29059955645046e-06
-1.73156573973904e-05
4.40621954481018e-06
-1.09522246851124e-05
-3.4017649860347e-05
-1.32156490017547e-05
-4.45656861753249e-05
-0.162348471893535
0.148162382335298
0.0824804707306806
0.995873428736262
0.0541160315950566
0.0728530648755647
-0.0603391847469817
0.994455796316576
0.0861211469785572
-0.0677886179342507
-0.0901616564690063
0.993617420832484
-7.65391271073469e-06
2.30888092308592e-06
-5.94679803649026e-06
1.95959659312577e-06
1.66032166391235e-06
4.52523085356132e-06
-8.28533355334491e-07
-2.27648095444662e-06
-2.41657719543107e-06
1.46484854762152e-06
-1.18555107999486e-06
2.25108441508841e-06
4.0589916601488e-06
1.16965197721993e-05
-7.15535537148391e-07
-1.66774847412211e-06
-1.01180499960962e-06
1.92995067023306e-06
2.83195874183699e-08
1.46486414404159e-06
1.26494199030263e-06
2.53963629807382e-06
-2.50803035347812e-06
-7.31832897790577e-06
-1.22064432135233e-05
1.48570571954717e-06
-1.02830974710625e-05
2.49236248423514e-06
9.85458980596677e-06
3.16796770534518e-05
5.04713145739442e-06
1.61360791106132e-05
-0.1721235773472
0.396752298884062
0.106464464447941
0.997610473682373
0.010615503109188
0.0682689819254665
-0.0178164575446026
0.994232881771219
0.105752307993864
-0.0667526526809467
-0.106715921488892
0.992046266794825
1.36215205137472e-05
7.94657440701087e-07
1.55252941103149e-05
2.31599580539744e-06
-1.03711259240292e-05
-3.28733487045409e-05
-1.82858793182412e-05
-5.93231729106133e-05
8.56158958554419e-06
5.54339266014292e-07
1.00412837516398e-05
2.65591969688045e-06
4.8977247443628e-06
1.48298634610908e-05
2.57096948809261e-06
1.00242565334319e-05
-2.23089384172898e-06
1.07147524440065e-06
-1.43170404524921e-06
1.72923210500757e-06
3.23704969118059e-06
9.52732606227361e-06
-6.95143114275364e-07
-4.77903007036278e-07
-6.17644356893221e-07
9.61568266698967e-07
6.12923200614193e-07
3.57730044490141e-06
1.96105877226206e-06
5.58446673010667e-06
-2.0569298957957e-06
-5.14218986572397e-06
-0.182221091047135
0.64489488780854
0.134575565726379
0.995863895358874
0.0542337958340763
0.072895797617915
-0.0626892116681652
0.990887285946494
0.119215977498966
-0.065765984075024
-0.123292667827591
0.990188746350728
-2.6059216048155e-05
2.89068268541135e-06
-2.27722557347366e-05
2.72952563872816e-06
-1.13570698656523e-05
-4.00827460272819e-05
-1.32012306058749e-05
-4.05671935574336e-05
-1.06499324429512e-05
4.42477374380186e-07
-9.55928527864782e-06
9.51441941245966e-07
1.72911222818673e-05
5.56111428988813e-05
8.90883675795549e-06
2.84705534135577e-05
-4.6409425147053e-06
2.37970000429712e-06
-2.86419440674585e-06
2.75923071755545e-06
4.06726466581753e-06
1.15904424012698e-05
-9.85668699715633e-07
-2.47053213011604e-06
-1.12091684447252e-05
8.6254895907985e-07
-9.72792217319924e-06
1.78441588219424e-06
7.84483808479166e-06
2.47369069170536e-05
3.0218235072728e-06
9.88196681718883e-06
-0.192610011343707
0.892518809914331
0.166829227344955
0.997716202376484
0.0106253495491448
0.0667044336051791
-0.019831599874419
0.990106055019217
0.138912589285345
-0.0645684687910501
-0.13991819668121
0.988055570844508
1.73045108870213e-05
-3.35362122714054e-06
1.52785179151287e-05
-7.00006083760471e-06
-1.06045688770832e-05
-3.34125565803857e-05
-1.69567145520612e-05
-5.54969338978314e-05
0
0
0
0
0
0
0
0
-1.24966996256694e-05
-4.11048345280631e-06
-1.73410049004085e-05
-8.27487334014181e-06
-2.25742053455234e-06
-7.46147672325842e-06
-6.65777877505674e-06
-2.08570619382736e-05
8.97484381828138e-06
2.46848781178895e-07
1.00597645802004e-05
1.32115734097722e-06
1.06350380843185e-05
3.24415429908276e-05
7.67609886955828e-06
2.79773894774493e-05
0.1225154328685
-0.841391188704768
0.0486007511133998
0.996130242884283
0.00759698369259561
0.087560408007195
-0.00949208564608179
0.999729188398097
0.0212473568944313
-0.0873752798090121
-0.0219962656759496
0.995932590477359
3.42845617733166e-05
-2.31514617472799e-06
3.37061807200602e-05
-8.73011326058853e-06
-1.92044604981578e-05
-5.81351046969046e-05
-9.97018100702131e-06
-3.89780673196498e-05
1.30173877688995e-05
-4.16342470544488e-07
1.34217569155316e-05
-1.58382673412124e-06
1.21976236472138e-05
3.81762371705013e-05
1.72627020514058e-05
5.71827802350002e-05
-1.83689996081187e-05
-2.86338936474678e-06
-2.29105848471051e-05
-8.03678568636456e-06
-1.37529884528133e-06
-3.46530957860094e-06
5.3842743710628e-06
1.5300928702469e-05
0
0
0
0
0
0
0
0
0.114098619604952
-0.59170930355245
0.0556027019051395
0.994577866531976
0.0537803841140207
0.0890086382870184
-0.057063551386868
0.997765247080821
0.0347600751008295
-0.0869403157820311
-0.0396507503388219
0.995424130453748
2.5905784441426e-05
4.0661161673014e-06
2.52053036422133e-05
-6.11405773111234e-07
1.21442578632843e-05
4.26460734793939e-05
1.36735369334371e-05
4.20614637171063e-05
-6.96351799476937e-06
1.59062319095913e-06
-5.8771055334026e-06
6.86236584682283e-07
-2.13739298946178e-07
-7.63072678508683e-07
-2.6649234565655e-07
-8.17164918341251e-07
-4.0701305455091e-05
4.54863056072316e-06
-3.67142581310735e-05
3.19980692113393e-07
-2.60509778943718e-05
-8.7027872473003e-05
-2.01241035026642e-05
-6.28335089061828e-05
-1.25541023423072e-05
-5.51797023778043e-07
-1.2151924502892e-05
-8.02664890410616e-07
1.50349777030657e-05
5.1108634140828e-05
1.34393677630489e-05
4.16939047259164e-05
0.105255315357413
-0.342194266475714
0.0669452872683358
0.996173461116537
0.00873504049867163
0.086960533777725
-0.0136335603747995
0.99834346168648
0.0558968562569437
-0.086328219018586
-0.0568685464505466
0.994642351313292
9.10157808335688e-06
2.91812698872785e-06
1.16950713681273e-05
1.62011360521106e-06
-5.33165192867503e-06
-1.66975708582696e-05
-7.63548058179109e-06
-2.52609441719861e-05
1.21675244067904e-06
7.60800526262392e-07
1.90807034202597e-06
8.32214402272355e-07
5.39857995973038e-06
1.6412512070207e-05
3.41152790867608e-06
1.27629829541046e-05
6.65177906048875e-06
2.8584323677067e-06
9.16278190360187e-06
2.19016894523894e-06
-2.98467941231343e-06
-9.78043986791212e-06
-8.0567201033994e-06
-2.53619410137798e-05
5.04619234634111e-06
9.75523331049044e-07
6.13259831960752e-06
9.04398326043692e-07
5.77610290462432e-07
1.76892404363215e-06
4.77668673552178e-07
1.69976645543267e-06
0.0961399045893975
-0.0929156314684324
0.0825339032961468
0.994594478648006
0.0527644368512993
0.0894300690322992
-0.0590161181693152
0.995885696699475
0.0687661028845411
-0.0854337219111022
-0.0736722017687909
0.993616367542031
8.40810038085428e-06
2.28553855567645e-06
8.55802398165501e-06
1.59881481550864e-07
9.08096563902479e-06
2.93080306213217e-05
4.88936238631991e-06
1.55785814342045e-05
-2.84439226687723e-06
1.48331941369901e-06
-1.86920274675166e-06
1.26872836631148e-06
1.17113351110188e-06
2.23676105028056e-06
-2.55875092548231e-06
-7.47989564037859e-06
-7.08439094308441e-06
2.25024734011844e-06
-5.93420488047201e-06
2.14988445211809e-07
-2.51962804490634e-06
-9.70154588672068e-06
-4.60134057936035e-06
-1.39764206990074e-05
-2.66740741560573e-06
1.26040860393712e-06
-1.97461524503827e-06
5.78237050603776e-07
8.4042417567311e-06
2.68646989848092e-05
3.98933792885818e-06
1.28240289068978e-05
0.0866750170152433
0.156056222458415
0.102291159253326
0.996287533996815
0.00910800822715114
0.085604870124412
-0.0167708325870993
0.995870205285362
0.0892259681906202
-0.0844386687318096
-0.0903303847626655
0.992325819885824
-1.54936606747023e-06
1.21683340774928e-06
-5.0872753063615e-07
2.30386612182433e-06
-1.81470517310852e-07
-1.06519938860608e-06
-4.59903729910212e-06
-1.37323537947788e-05
-5.94309261573536e-06
6.32669882643061e-07
-5.64544224862796e-06
1.80815160773398e-06
-1.61212554668704e-06
-5.43343940613019e-06
-5.66744791415776e-06
-1.76021642582722e-05
-1.10472957069821e-06
1.387585186935e-06
-2.98173084351916e-08
1.83060272194443e-06
3.0986091811742e-06
9.09251250209736e-06
-9.04422276661212e-07
-1.16652965934631e-06
6.57083898611177e-07
9.34860467351328e-07
1.63285874335626e-06
1.97022408556962e-06
-5.33724944306214e-07
-2.15523446901019e-06
-4.98868884709906e-06
-1.50607341652118e-05
0.0769053500400889
0.404653606723447
0.126186345126554
0.994606805747708
0.0524730546407075
0.0894644091103619
-0.0615476318418713
0.992889637637091
0.101892376988002
-0.083481680478126
-0.106849174120745
0.990764383198728
1.57831417879549e-07
1.72569838582652e-06
9.57990311499767e-07
1.09801147313136e-06
6.13655448778612e-06
1.87182394263947e-05
1.0572862535882e-06
3.84279497079987e-06
5.24841100802877e-06
4.44296177063501e-07
5.33533383172361e-06
9.70043902387118e-07
7.15755165731483e-07
4.73703113435374e-07
-3.41026404042241e-06
-1.00650882975119e-05
1.06432418589507e-05
1.39429214310223e-06
1.06291473341739e-05
9.31884206475441e-07
9.99024600594729e-06
3.22322989722406e-05
5.35769605310946e-06
1.70753741260828e-05
4.5978330454453e-06
9.64907597802649e-07
4.89468257121565e-06
1.06419363893918e-06
-4.63412153647583e-07
-2.9957019105088e-06
-3.35018806176606e-06
-1.002030659198e-05
0.0668192724603205
0.652806705796771
0.154199296916484
0.996412989923946
0.00902696713569568
0.0841407592995832
-0.0193112267455808
0.992314140707471
0.122228158271534
-0.0823907156949604
-0.123414585917678
0.988929021695313
4.84010212694573e-07
1.530808438436e-06
2.26028401254313e-06
4.31921513416897e-06
2.30168021446925e-06
6.60077147624062e-06
-2.00982193330369e-06
-4.83570553560076e-06
-8.62113917358293e-06
8.08457397742291e-08
-9.06433397366083e-06
6.68612103434246e-07
-9.6581871668317e-06
-3.01713483568328e-05
-1.31687304776676e-05
-4.37938931736045e-05
-1.32712833351977e-05
1.4156950510024e-06
-1.28212429601568e-05
2.95145602311825e-06
1.11528690607534e-05
3.43379519240891e-05
1.08142728843444e-05
3.75401915641246e-05
-6.15799710426337e-06
3.11362096565712e-07
-6.07001750136855e-06
1.70017087663893e-06
-1.63765524082857e-06
-5.64713181861079e-06
-6.87188042370055e-06
-2.11877547980005e-05
0.0564155027330393
0.900442871781509
0.1863501143595
0.994574555257246
0.0526456231228672
0.0897211925985307
-0.0645156441394038
0.988742566767743
0.135003215977337
-0.0816038338350296
-0.140059184022208
0.986774664893687
2.25009659366194e-05
-6.46228528761798e-06
1.76562378677721e-05
-5.55243513044945e-06
5.94536568110554e-06
1.86094226272076e-05
2.00698745596206e-06
6.64687062088116e-06
0
0
0
0
0
0
0
0
2.14746483479684e-05
-6.30419962775435e-06
1.69536893656376e-05
-4.7840008647288e-06
1.45356543924852e-05
4.80368824487766e-05
1.01558379617438e-05
3.18681921449161e-05
8.7363582851268e-06
5.3595494375345e-08
8.29224821251867e-06
2.8217095636504e-07
-1.18210511206441e-05
-3.99798086036788e-05
-1.01448786292472e-05
-3.15265797763389e-05
0.371155308050817
-0.833881299299938
0.0726903193316366
0.993047142819232
0.0522775573437955
0.105472409365832
-0.0544137737173374
0.998365513596378
0.0174769130987383
-0.104386365819995
-0.0230945504343546
0.994268639941791
2.71910368837936e-05
-4.48518901223171e-06
2.26489533687767e-05
-5.36184475688892e-06
-2.52334415914945e-06
-5.43368504116257e-06
4.24356384002677e-06
1.23392765601889e-05
-2.69263653044538e-05
3.47296388853426e-06
-2.40682668672313e-05
6.33686871352989e-07
1.7842417179409e-05
6.08665106368733e-05
1.63896421794258e-05
5.07902247275276e-05
-2.07291023742853e-05
-2.05613754835981e-06
-2.10454348220231e-05
-3.74809735704507e-06
-1.99662004728907e-05
-6.68596408381122e-05
-1.57583480589107e-05
-4.91540190722481e-05
0
0
0
0
0
0
0
0
0.362744421301295
-0.584190915349827
0.0797614147348319
0.994499639997091
0.00767226280460098
0.104458615870895
-0.0118232358638748
0.999162338831488
0.03917692885494
-0.104070539250608
-0.0401964804959445
0.993757297239305
3.57384801288727e-05
2.71946920767837e-06
3.9725063757273e-05
-4.36773067999549e-07
-1.93349892930626e-05
-6.02345390570639e-05
-2.49132430323131e-05
-8.33717080257043e-05
2.39769485273495e-05
1.92137463844289e-06
2.69131442326795e-05
4.23881916275276e-07
2.38189140424947e-05
7.34674239209185e-05
2.42600980956377e-05
8.36283683418762e-05
1.06338103713708e-05
1.31253403701655e-06
1.25013979843406e-05
1.8168826192907e-06
-2.03227236997125e-05
-6.35662035484791e-05
-2.84040259291649e-05
-9.42105248576347e-05
2.29342359127806e-05
2.04359542564208e-06
2.57968444741776e-05
2.63844419289893e-07
1.69664605900109e-05
5.30801615493328e-05
2.38195074724281e-05
7.89677114005218e-05
0.353910871578888
-0.33466985649663
0.09106718823079
0.993019124825881
0.0517650985487838
0.105987698828561
-0.0574526775387457
0.99702778499387
0.051330164562814
-0.103015569572602
-0.057061112174913
0.993041701996238
-1.15134432553804e-05
4.66038546589485e-06
-9.00417876138492e-06
1.59935633223505e-06
-3.81971544447604e-06
-1.4239836879331e-05
-6.00863535591573e-06
-1.83110706304316e-05
-7.68371698567135e-06
2.52958575102623e-06
-6.08687233601265e-06
1.3600220758555e-06
5.20519052603908e-06
1.59026601534329e-05
9.4904678192092e-07
3.41493313540874e-06
-2.3683344423053e-05
3.97691110314534e-06
-2.08354823222178e-05
7.03795235860698e-07
-1.78956997063418e-05
-6.09396685899679e-05
-1.62138016620984e-05
-5.02729958520639e-05
-2.81574542416631e-05
3.33203863467772e-06
-2.5209474879487e-05
7.26440296642659e-07
3.27290422864646e-05
0.000107541301393698
2.15713363720076e-05
6.78980686334971e-05
0.344799732735537
-0.0853841167429148
0.106574868634332
0.994659306984334
0.00773976550869999
0.102922101901803
-0.0152822118293189
0.997236921872012
0.0726978380489404
-0.102075055873626
-0.0738824585762698
0.992029266344409
5.1709880159504e-06
1.351334091269e-06
6.32262932958401e-06
1.32780356992507e-07
-3.19013241264185e-06
-1.03567394092109e-05
-7.76547421129457e-06
-2.45987542943434e-05
7.81818112413531e-07
1.56560493632054e-06
2.0848371479599e-06
1.80043353755764e-06
3.27977923436074e-06
9.65068401853742e-06
-7.25514504322106e-07
-5.47124959190199e-07
1.96582350904166e-06
1.14174309212234e-06
2.81889479961144e-06
3.25185596264737e-07
-3.25758522558195e-06
-1.08076304516833e-05
-9.95500945946163e-06
-3.1127320771714e-05
4.52863036473237e-06
1.55437717503703e-06
6.1247319410579e-06
1.95843123788833e-06
3.24994681525492e-06
9.64674330244684e-06
1.33212787163584e-08
1.6301259935795e-06
0.335345164629615
0.163596992464238
0.12624274670112
0.993056197681982
0.0511182654250559
0.105954288190877
-0.0602285376472669
0.994589113687537
0.084646430448049
-0.101054002884455
-0.0904401342030005
0.990761661867908
-1.452004871007e-06
2.24635386555975e-06
-3.76274434067199e-07
1.19495246528223e-06
5.67626475855742e-06
1.71950320893722e-05
7.31483074428714e-07
2.82113767245699e-06
8.28906451497863e-06
1.48141370307057e-06
8.50399846659194e-06
1.07039325563243e-06
-5.34955619276346e-06
-1.96927153842177e-05
-7.89804277094032e-06
-2.41063773168607e-05
7.7424968013907e-06
1.40998527266579e-06
7.82853272923238e-06
6.28499168126938e-07
9.32596755319185e-06
3.00248914241026e-05
4.86880116764902e-06
1.55453251426927e-05
-3.64181952653213e-06
2.54781580404649e-06
-2.33794276630735e-06
1.21234080904004e-06
5.8125208663853e-06
1.76555040925039e-05
8.47596513647617e-07
3.1820695464815e-06
0.325583342966307
0.412202213256194
0.150053638811671
0.994818031980738
0.00751070699247293
0.101393651315253
-0.0182881652094015
0.994220661653138
0.10578666719315
-0.100013130437001
-0.107092787913406
0.989205999030669
-1.19075612332476e-05
8.83479633449661e-07
-1.19234850686402e-05
1.65901729525657e-06
7.23147097045083e-06
2.21479777958819e-05
5.99454124457007e-06
2.1322842209005e-05
-1.78559978817411e-05
9.2721046577648e-07
-1.84914242503025e-05
6.88100531541085e-07
-1.49431272467888e-05
-4.66624909182658e-05
-2.02122671403936e-05
-6.72758948503005e-05
-1.49412461227275e-05
9.77204577074365e-07
-1.54176113049352e-05
1.27670502301168e-07
1.42879566593634e-05
4.39219376623426e-05
1.32595690895173e-05
4.63291996419669e-05
-9.78985341969031e-06
9.59130915144743e-07
-9.5719846170065e-06
1.88576327447683e-06
-5.74743278744128e-06
-1.84175561470579e-05
-1.18796877424277e-05
-3.80554230595659e-05
0.31550249289934
0.660363473148638
0.178002103743758
0.993047228602704
0.0508256600338629
0.106178877594848
-0.0633132675407473
0.991021573007801
0.11776108010501
-0.0992402736719677
-0.123664845919606
0.987349165172405
1.07386699443853e-05
2.22874188469741e-06
1.11915942654674e-05
1.75436572947704e-06
1.41366844389411e-05
4.60257317814701e-05
8.43956534624833e-06
2.67156691822987e-05
3.17882967341504e-05
2.22196446251555e-07
2.96521685748883e-05
-7.48639095862907e-07
-2.16037240766893e-05
-7.4175716065826e-05
-2.08356473079469e-05
-6.44454836936664e-05
2.19114082213368e-05
3.40009342606829e-07
2.12274160846003e-05
2.05482809193937e-06
3.23122199935952e-05
0.000106899006355542
2.28015701240847e-05
7.15112495778955e-05
1.75651815820251e-05
1.40871451935554e-06
1.69281376125714e-05
2.16099883493137e-07
-1.91979613870872e-05
-6.47064500933214e-05
-1.60147705262953e-05
-4.98287786800271e-05
0.30509065158979
0.908005460684229
0.210097468410267
0.994949247896439
0.00733065361104594
0.10011121629748
-0.021271020308766
0.990077632780955
0.138902212952623
-0.098099632037537
-0.140330120023448
0.985232926576322
-1.23491052872005e-05
-3.99454503474694e-06
-1.68720721321958e-05
-7.08724415258207e-06
6.19988619283503e-06
1.9087753622875e-05
6.0113425568505e-06
2.0868702413688e-05
0
0
0
0
0
0
0
0
-2.33930626694536e-05
-2.84362586837124e-06
-2.79459250173767e-05
-6.49708930613504e-06
1.25698548403494e-05
3.90123475675843e-05
1.49225499978434e-05
5.04235021846271e-05
-2.98292122095418e-05
1.97074211617474e-07
-3.19553428062279e-05
-5.07363886415161e-07
-1.97121049841662e-05
-6.19347188297894e-05
-2.99865200435008e-05
-9.86070744684641e-05
0.619350759647073
-0.82670055553992
0.101092742853923
0.992541825227445
0.00626840049845724
0.121743305073427
-0.00908101396896977
0.999704207970391
0.0225617320173194
-0.121565868401915
-0.0234990153308216
0.992305162698972
2.4482784408573e-05
-1.41314916897741e-06
2.41687884530245e-05
-6.35833153440948e-06
-1.91387727696524e-05
-5.96723574253256e-05
-2.51017450177334e-05
-8.3837620392816e-05
5.03047793303649e-05
4.072022793754e-07
5.4783098140895e-05
2.46481882733869e-06
4.06825372030271e-05
0.000126304791496933
4.86190411874239e-05
0.000164146398269839
3.32375514076109e-05
4.21891151446305e-08
3.51294060324778e-05
-2.64334665760511e-06
-2.76032265826147e-05
-8.61608187461608e-05
-3.70428003030441e-05
-0.000123404458321774
0
0
0
0
0
0
0
0
0.610959625602922
-0.577009046222475
0.10812528355322
0.991125800495848
0.051000259240161
0.122754312143829
-0.0555531462793043
0.997878205621581
0.0339548919021171
-0.12076214444493
-0.0404729576758053
0.991856060205754
-1.36767895385624e-05
2.06787169362868e-06
-1.18143664384463e-05
1.28817239957283e-06
-2.51031168394683e-05
-8.50630516238407e-05
-2.18767435462163e-05
-6.7940668275195e-05
-2.91075499485495e-05
1.81345285021068e-06
-2.59897989628852e-05
2.51994201041285e-06
3.60238593075731e-05
0.000118237937837828
2.34754967464334e-05
7.39383373711307e-05
-6.58336499791223e-05
1.18908023621219e-06
-6.05502457336522e-05
2.25039161811066e-06
-4.66149489611596e-05
-0.000157991587431038
-4.06954148455306e-05
-0.00012637635845098
-5.57125210409044e-05
8.58577578769146e-07
-5.1222478108869e-05
2.27644168487106e-06
5.32030693644786e-05
0.000176870589682825
3.93166016165326e-05
0.000123022463444909
0.602136272886743
-0.327483054176754
0.119342215117794
0.992719886489702
0.00670048288982647
0.120259429974467
-0.0135331899487997
0.998333996650258
0.0560899625795598
-0.119683247526718
-0.0573091149942496
0.991156690741142
1.95194631184565e-05
2.40652403703486e-06
2.2371691541425e-05
5.53957834313286e-07
-1.44483968787458e-05
-4.5354004660989e-05
-2.16088541799383e-05
-7.1176951120715e-05
1.74217815656189e-05
2.42025977090647e-06
2.05370669022842e-05
2.427983557585e-06
1.11704309422085e-05
3.4106239083481e-05
8.33579047582487e-06
3.01960483658107e-05
2.91841346378135e-05
1.60338520347288e-06
3.22602336472638e-05
2.19813283075525e-07
-2.51819715665151e-05
-7.93560977631992e-05
-4.03626083228395e-05
-0.000132066363665391
2.42193998106808e-05
1.0729257970815e-06
2.73228637325123e-05
3.40136688086378e-06
2.63337412710173e-05
8.13000205310462e-05
2.7477910369606e-05
9.44049047509785e-05
0.593036231850625
-0.0781864580969374
0.13474282570527
0.991205795267758
0.0500853958815715
0.122484793129621
-0.0586430017778712
0.996008675691652
0.0672883072290979
-0.118625755091789
-0.0738794360201367
0.990186729442111
-3.55487407279515e-06
1.89747661556923e-06
-2.70428365024335e-06
2.71623076520259e-07
-9.17187633835577e-07
-5.17888036107063e-06
-5.08023705587359e-06
-1.5219243866851e-05
-7.41646192982062e-06
3.02674473591259e-06
-5.53783330658382e-06
1.89788727438902e-06
3.43167472000249e-06
9.70175550627667e-06
-9.91906175594028e-07
-2.56135515725369e-06
-1.6810718738036e-05
9.51121277900396e-07
-1.53242000015725e-05
5.00288178968978e-07
-2.19088163453942e-06
-8.1317633073819e-06
-3.37259876710294e-06
-1.0283277538516e-05
-2.2694657963429e-05
4.01076029818254e-06
-1.95745169482256e-05
1.88366669987108e-06
1.57202133457067e-05
5.05254438519211e-05
8.02833672188657e-06
2.56719801490859e-05
0.583591846213844
0.170801279194706
0.154323705706147
0.992916383579674
0.00615784369961563
0.118655535820832
-0.016846608138862
0.995863072918226
0.0892912750071596
-0.117614824806003
-0.0906577131808949
0.988912499682284
-8.87374753722015e-06
8.74651371718469e-07
-8.78936714531297e-06
1.10796803140445e-06
6.5210435394067e-06
1.99293524692455e-05
5.0322385176911e-06
1.81203708131716e-05
-1.7866946059131e-05
1.87191628025428e-06
-1.76174975420108e-05
2.44340452397817e-06
-1.00391502228329e-05
-3.16816151948781e-05
-1.6482097672427e-05
-5.38092313643741e-05
-8.97061476377243e-06
2.46736412524301e-07
-9.38386960199721e-06
3.91278389501797e-07
3.4993860014899e-06
1.0353516780981e-05
-2.78893914586365e-07
8.85347234284004e-07
3.48897103547597e-06
1.88014039784355e-06
5.36741329529659e-06
2.82583741987883e-06
1.90804169327553e-06
5.39928027987624e-06
-2.30054248500176e-06
-5.89094286631613e-06
0.573836759447618
0.41941722150201
0.178057252873191
0.991239149276777
0.0494047498533028
0.1224913043199
-0.0619094289530696
0.993011366593561
0.100477103976144
-0.116671211310904
-0.107180205768914
0.987370362095213
1.44950889354422e-05
1.63702650053644e-06
1.40244780952416e-05
-3.7075809550015e-08
2.02969567000211e-05
6.62438001800365e-05
1.24525017133407e-05
3.93549139367696e-05
1.73481060868282e-05
2.67228611478478e-07
1.6875552351244e-05
1.75968101899776e-06
-2.73777752476849e-05
-9.21740189184216e-05
-2.26262288295201e-05
-7.04290096006029e-05
3.34447655467537e-05
4.43431512453397e-07
3.12131764686562e-05
-7.80085414930548e-07
3.07705438741929e-05
0.000103844908219745
2.59456182293379e-05
8.06901627900469e-05
1.55242049027196e-05
2.92389998973862e-06
1.57698792514323e-05
1.36230933827034e-06
-1.25170553569757e-05
-4.33020407375555e-05
-1.2742336431976e-05
-3.93333827131313e-05
0.563763676539614
0.667583078006935
0.205961641622377
0.993059237543604
0.0054625277993955
0.117488346316872
-0.0199406940429527
0.992279076108638
0.122411616437915
-0.115912550878978
-0.123904785653929
0.985500829346454
-2.31387722146348e-05
2.84136214215114e-07
-2.38292554259922e-05
3.71017583887712e-06
2.52952523275377e-05
7.84233396714451e-05
2.9269214033072e-05
9.9210425555008e-05
-4.99409627080735e-05
-6.92013473002331e-07
-5.35043324091817e-05
1.8270080048736e-06
-4.16593122252662e-05
-0.000129690099939455
-5.28646998912915e-05
-0.000177218942605513
-4.58797474739545e-05
-8.03203916342854e-07
-4.91724379841059e-05
1.67368099715436e-06
3.82243472347312e-05
0.000118993187866857
4.84761856171576e-05
0.000162518930171889
-1.83126260007935e-05
3.18165467330126e-07
-1.87834769823612e-05
3.28054508283761e-06
-2.11144963551522e-05
-6.58112578160858e-05
-2.74851376321272e-05
-9.18716302111074e-05
0.553340135124965
0.915230376203666
0.23800666493406
0.991150431855264
0.0495322106040021
0.123155923717839
-0.0660340406977071
0.988813238754392
0.13374559557088
-0.11515349279647
-0.140694488087432
0.983333480626352
3.14983765059867e-05
-4.44244449269633e-06
2.69473501091515e-05
-4.47173642671655e-06
2.05882558496428e-05
6.87363827769298e-05
1.58244582966749e-05
4.94213113803324e-05
0
0
0
0
0
0
0
0
4.88995123389451e-05
-2.21504610440859e-06
4.43531300036302e-05
-2.83636428613545e-06
3.95948966805508e-05
0.000132579829480792
3.12299152940122e-05
9.74152510632806e-05
5.27865114024716e-05
-1.5053923506831e-06
4.92217034494459e-05
3.43696972197948e-07
-5.28449658471603e-05
-0.00017720269910527
-4.22044810840189e-05
-0.000131572385786357
0.867043176814672
-0.819825217649294
0.133722203191394
0.988952410784893
0.0504156734748242
0.139396517432132
-0.0532325247523395
0.998444971554149
0.0165510448889205
-0.138345319807428
-0.0237886243080466
0.990098315240534
-3.37246921179843e-05
1.9464687293124e-07
-3.18388482176171e-05
-1.27076804975515e-06
-3.19737783450795e-05
-0.000107661247737143
-2.64560262515239e-05
-8.23465191257e-05
-3.62860496233969e-05
-4.47481865379651e-07
-3.42901232082315e-05
-7.0946430486876e-07
3.886736248725e-05
0.000128369948879473
2.698571509416e-05
8.47058607116618e-05
0
0
0
0
0
0
0
0
0
0
0
0
0
0
0
0
0.858671644514953
-0.570133002762445
0.140663708399628
0.990446346247584
0.00656354407075447
0.137742350405632
-0.0120789013959595
0.999156667463189
0.0392435218211613
-0.137368611214871
-0.0405323790703481
0.989690351019456
6.01193595127857e-05
7.44876017120925e-07
6.54217401310161e-05
2.48290426789851e-06
-3.95910407206481e-05
-0.000123768049587466
-5.47550198052034e-05
-0.000181815220405801
2.40378145786954e-05
-2.49783914952188e-06
2.34649200511085e-05
-4.75863111161283e-06
1.67491536418187e-05
5.16398717642451e-05
1.68813173924799e-05
5.82800485173226e-05
0
0
0
0
0
0
0
0
3.53544933663125e-05
-4.48363925807747e-07
3.73373756289021e-05
-1.91047745445608e-06
2.68353044998295e-05
8.2975190366208e-05
2.91215610906054e-05
9.95286273821675e-05
0.849861855897755
-0.320609667265347
0.151759309188481
0.988999226383576
0.0499007744767738
0.139249570630158
-0.0572990158287567
0.997122510276787
0.0496338824250227
-0.136372112248501
-0.0570667346720074
0.989012656539859
-3.27540618049914e-05
2.68308214594446e-06
-2.96996904209883e-05
5.26016435447376e-07
-2.64821279659308e-05
-9.17412482900197e-05
-2.72241156916116e-05
-8.40073303344337e-05
9.38997330385859e-06
-7.16998942297213e-06
5.63032861242611e-06
-4.01962124188472e-06
1.54984436182782e-05
4.99972677855176e-05
8.3039010141686e-06
2.64677310105297e-05
0
0
0
0
0
0
0
0
-2.02413358110628e-05
-3.78000324378418e-06
-2.08057282692482e-05
-2.76551094308034e-06
2.82589631738401e-05
9.3022741374891e-05
1.8983373032856e-05
5.96919406477902e-05
0.840779131543476
-0.0713260371615412
0.1670291237364
0.990696754152406
0.00504258960275085
0.13599453519626
-0.0150676763316069
0.997233562289398
0.0727886486597426
-0.135251271502692
-0.0741605996056487
0.988032033399944
1.50293418872314e-05
5.6001396515405e-07
1.65164987581418e-05
4.59441698974365e-07
-2.69783596212001e-06
-8.64424296335681e-06
-5.5689024611434e-06
-1.78413651511896e-05
3.14237131201295e-06
-4.3405903099109e-06
-3.82343593440287e-07
-6.69429756474284e-06
-2.10286818229691e-06
-6.87545126360209e-06
-5.54444153380274e-06
-1.74782787137134e-05
0
0
0
0
0
0
0
0
-9.78013509604155e-07
-4.51880601107907e-06
-4.74161598153087e-06
-6.01397483464312e-06
4.70817189919757e-06
1.41134171758574e-05
1.23014576694982e-06
5.95400218267597e-06
0.831344204283251
0.177653609863578
0.186531126585844
0.98909816403525
0.0484484608165641
0.139059586321795
-0.0604226648950748
0.994697811604059
0.0832187788757572
-0.134290444449524
-0.0907138921836017
0.986781164339911
8.9728571684622e-06
4.01267577502411e-07
8.56088718862094e-06
1.32982191265927e-07
7.42207602785422e-06
2.30613106226139e-05
2.1511852578514e-06
7.24348800484387e-06
3.28766457253302e-05
-7.34504938291757e-06
2.73453876490543e-05
-4.8094594142111e-06
-4.27123891004782e-06
-1.50018293166378e-05
-4.81672502984753e-06
-1.48165117743545e-05
0
0
0
0
0
0
0
0
5.28690734442402e-06
-6.86860676616455e-06
1.76218777098701e-06
-4.38444720846149e-06
5.41159650733861e-06
1.70052649981614e-05
1.96449296732831e-06
6.45987244672183e-06
0.821596722743273
0.426254256273704
0.210201197349255
0.990899755977467
0.00368152589973547
0.13455155135537
-0.0181333656093787
0.9941643915637
0.106340695874188
-0.133374865161037
-0.107812842066344
0.985184011457087
-3.16708257877453e-05
2.6028260268177e-07
-3.3897018651708e-05
-7.25735881828492e-07
2.60944688192528e-05
8.14361042956261e-05
3.48768344282793e-05
0.000116238659318306
-1.77229861851547e-05
-2.73986938464305e-06
-2.17256466636614e-05
-5.93989016763601e-06
-1.65897762482439e-05
-5.1693322688788e-05
-2.14812377426605e-05
-7.18488368630925e-05
0
0
0
0
0
0
0
0
-2.25238529174933e-05
-4.56974001841656e-06
-2.80532133103569e-05
-6.80179525561314e-06
-9.15921641503774e-06
-2.87132464986932e-05
-1.33750858667483e-05
-4.41635833470751e-05
0.811524950129149
0.674410421020359
0.238108360738173
0.989139807361116
0.0468384503932476
0.139314755355497
-0.0633818305569376
0.991132249889531
0.116788727132509
-0.132609143916395
-0.124350403275389
0.983337069451342
4.82041261345788e-05
-1.40967181537436e-06
4.49111835169636e-05
4.69242755763585e-07
4.7591460009765e-05
0.000159179016582377
3.71665964406988e-05
0.000115986658357922
4.95879139119879e-05
-2.51949474892267e-06
4.49463895687997e-05
-2.90361061118047e-06
-3.73891607702718e-05
-0.000124626924829181
-2.8317991532219e-05
-8.8501015015368e-05
0
0
0
0
0
0
0
0
2.52739691450338e-05
-4.37690209777893e-06
2.1269684365227e-05
-4.11026283278508e-06
-1.67148602106821e-05
-5.60132467268637e-05
-1.32784802447079e-05
-4.14062921709639e-05
0.801093786946152
0.922052518566683
0.270157264969946
0.991010874482779
0.00312850063318495
0.133744753698884
-0.0219420013204075
0.989989274867067
0.139426626680386
-0.131969675441662
-0.141107930795087
0.981158782579598
-4.30203895520408e-05
-1.41921144758614e-06
-4.75679028856788e-05
-3.64793565620905e-06
3.0070649518361e-05
9.35596115115232e-05
3.77073249827314e-05
0.00012658356243538
0
0
0
0
0
0
0
0
0
0
0
0
0
0
0
0
-4.3278792626267e-05
-1.47561226411095e-06
-4.79230470692841e-05
-3.541492370159e-06
-3.03038816927476e-05
-9.41929290404574e-05
-3.71928943335111e-05
-0.000125171522176088
