-0.871491463639525
-0.870841005637001
-0.0476702212585726
0.995436054365897
0.0329034634984247
0.0895791480103633
-0.0416153961130872
0.994395182724607
0.097192486234516
-0.0858791038309413
-0.100476776739223
0.991226107838817
0
0
0
0
0
0
0
0
-0.000182300598419215
-9.00170073687588e-06
-0.000204954358531024
-2.19733005292107e-05
-6.95162751351544e-05
-0.000218066943178966
-9.41347576985642e-05
-0.000314280279027351
-0.00016765677582769
-6.15418703207894e-06
-0.000188318859995023
-2.76349536640322e-05
6.59288587431945e-05
0.000208308099939349
0.000101994282519505
0.000335854784472382
0
0
0
0
0
0
0
0
-0.891469684687826
-0.623411661698248
-0.0202656798060089
0.988962785963794
0.111454142884896
0.0976246998076029
-0.122876912853165
0.985128958760923
0.120092459789512
-0.0827881166980326
-0.130762795337256
0.987951020592205
0
0
0
0
0
0
0
0
8.75605473891604e-05
-3.53469214021114e-05
6.41115195332344e-05
-2.62139481692072e-05
-5.7730857105633e-05
-0.000186834688355052
-3.20608420836937e-05
-0.000103002656989196
0.000162029936760156
-6.05300191218769e-06
0.000152841234000818
8.53331323871619e-06
0.000105696183871473
0.000356648795397335
8.93039702352763e-05
0.000280592736557044
0.000212785924423516
-1.4698268444614e-05
0.000190085360033998
-1.61863712191583e-05
-7.63845044995949e-05
-0.000256829583545951
-6.26411647501907e-05
-0.000197076788986145
-0.912492469821919
-0.376998115049348
0.0143561378535273
0.995526055740095
0.0344613195821251
0.087978916765486
-0.0480111712082205
0.98645024406282
0.156878435189856
-0.0813805860250749
-0.160400540650777
0.983691448970232
0
0
0
0
0
0
0
0
-0.000142424624184338
-4.04535585903425e-05
-0.000182792575940141
-4.77148363457217e-05
-3.40009552644221e-05
-0.000107808277431497
-5.58438485641295e-05
-0.000182853856058867
-0.000121672108667942
3.59125196972187e-06
-0.000129123904802554
-4.73087355530283e-06
7.84907949037587e-05
0.000246303470099932
0.000106964318069148
0.000356855762305271
-5.21866727799537e-05
-2.19636958769348e-05
-7.56887868273783e-05
-3.99340722050762e-05
-4.94388941169994e-05
-0.000152766831204509
-4.72608044935556e-05
-0.000165015090766346
-0.934941037287852
-0.131996104647859
0.0567350354058373
0.988017682958745
0.117052544164601
0.100597018173639
-0.133785792593865
0.974515717322574
0.180056875434681
-0.0769572599620374
-0.191357828676704
0.978498728432118
0
0
0
0
0
0
0
0
-6.12032398957399e-05
-5.52134043370236e-05
-8.20661416782741e-05
-3.2659896242345e-05
4.0611401911075e-05
0.000127224107837669
1.37176849612164e-05
4.58939815943077e-05
-6.38605852984149e-06
4.40200379927638e-06
-2.22786393684324e-06
6.89648949429873e-06
1.54933704626184e-05
4.55257071094611e-05
-1.1054919536506e-06
-1.55087441410307e-06
0.000199992698118025
-6.39744530370828e-05
0.000159591534084239
-3.30296140373687e-05
-4.97325652777367e-06
-2.19498608641024e-05
-1.50708641804939e-05
-4.58823638888347e-05
-0.958704304228653
0.111500539881852
0.106542413622604
0.995876481240267
0.0383967204027894
0.0821932234117526
-0.0555295363861454
0.974459090686029
0.217591247912449
-0.0717391434381817
-0.221258157909866
0.972573042427708
0
0
0
0
0
0
0
0
-0.000162165620052303
-4.15965458931679e-05
-0.000204266294654737
-5.25754503055833e-05
-3.6096067152912e-06
-1.60666918830303e-05
-4.52130470152921e-05
-0.000136157657532939
2.13964770878047e-06
-3.9904034194484e-06
1.43040769617312e-06
2.81715924205691e-06
1.23526695238437e-05
3.65299869240653e-05
-2.1394351987024e-06
-2.18567646838493e-07
9.74723892874894e-05
-3.56709485450317e-05
7.65881393943806e-05
-5.06699362459155e-05
-2.04552637860769e-06
-8.97981428032422e-06
-2.45618332743386e-05
-7.4009618828011e-05
-0.98389491619565
0.353004791277541
0.164379484454781
0.987085432605741
0.126025230196021
0.0988938324243574
-0.146724228880446
0.959028247591602
0.242356805105241
-0.0642989066545888
-0.253736993115748
0.965133767375074
0
0
0
0
0
0
0
0
-0.0002397594651452
-1.95273702512408e-05
-0.000235359688441548
-2.9111937546993e-05
0.000151091101970552
0.00047644248966682
5.75317659378484e-05
0.000190266397164973
-0.000189751204536154
1.93589951221294e-05
-0.000167047356738468
8.29365084406977e-06
-6.24388736912104e-05
-0.000227283062971977
-8.76288990642556e-05
-0.000270606655717667
0.000220928475779404
-6.38943758949968e-05
0.000178862356085303
-3.64279569117333e-05
5.7387035908091e-05
0.000176080798194261
1.16197268049749e-05
4.15064911446152e-05
-1.0103690977676
0.592340869816091
0.230272436898276
0.996726240194815
0.0426397922235121
0.068692432088577
-0.0604567666720155
0.957193942235476
0.28306313131751
-0.0536822267670923
-0.286289372954786
0.956638183151019
0
0
0
0
0
0
0
0
8.3639038030945e-06
2.88459738455323e-06
3.74834038241334e-06
-5.6083565113798e-05
4.92757972571605e-05
0.000143801763072123
-2.48836035000328e-05
-4.94752244441288e-05
0.000105967858874894
-1.12674208882581e-05
0.000114861977155957
1.56398298221244e-05
-5.7953115415562e-05
-0.000188925510075094
-0.000138994667228189
-0.000441825137397357
0.000238180256132496
-1.58567204430115e-05
0.000242131779899054
-4.75834191107667e-05
5.87096488611298e-05
0.000174305239446592
-4.31854264966077e-06
1.63363728561946e-05
-1.03796070844774
0.828989506500618
0.304726819154873
0.98657367738269
0.136138867078113
0.0902141228768071
-0.157814582344616
0.936863699358052
0.312059235442046
-0.0420349461184041
-0.322106531594737
0.945769763530783
0
0
0
0
0
0
0
0
0
0
0
0
0
0
0
0
-0.000350451013582591
-2.46967911608229e-05
-0.00032354554446504
4.850268394541e-06
-1.38457748068299e-05
-8.74318573794268e-05
-9.72524738625519e-05
-0.000293985728853555
-1.58992800886607e-06
1.21586448270216e-05
-5.90290081746499e-06
-3.5291534707033e-05
0.000134278761333966
0.000419300663615289
4.24159303050835e-05
0.000142880248306825
-0.623887772726842
-0.852463255249782
-0.0207085666022722
0.985887884790767
0.109173207724107
0.126910556448292
-0.121068115852193
0.988544995270278
0.0901182758938829
-0.115618294170024
-0.104211338352959
0.987811928968211
0.000194813899578778
-7.91203844046325e-06
0.000174024814579425
-1.71453583531985e-05
7.42996802510824e-05
0.000255549603257569
7.29758941678103e-05
0.00022790982153454
0.000161413091496868
-9.83517270509151e-06
0.000152517308949938
8.74080704203258e-06
-0.000134975265592273
-0.000451445161952602
-0.000105638980244125
-0.000333056859365273
0.000152200698415623
-2.86496222911536e-05
0.000123387395385064
-3.34606499211451e-05
6.96076960519837e-05
0.000229516888490895
4.75823242214005e-05
0.000151027845554407
0
0
0
0
0
0
0
0
-0.643840345366655
-0.605011022171129
0.00684425225274203
0.992553704127404
0.0299003361428852
0.118080965110859
-0.0452544137818509
0.990536715421517
0.129572579796864
-0.113089267643886
-0.133951428885608
0.984514008149845
-0.000154318595877078
-4.1377323588032e-06
-0.000163394097767077
1.38868558429777e-05
9.22308450249589e-05
0.000289875192222028
0.000129509952988556
0.000430674961695777
-6.86376067129516e-05
-8.60452428487377e-07
-6.83574634284342e-05
2.56611533770366e-05
-6.54670228421539e-05
-0.000203528362530481
-7.29663701752584e-05
-0.000249352685430359
-4.02325726914661e-05
4.88648143836323e-06
-3.52666694141783e-05
2.13814010552992e-05
7.37378432270082e-05
0.000229996471680656
8.86057702859031e-05
0.000299934019957275
-0.000152578327681256
-4.17879446746389e-06
-0.000161469464343813
1.87569157823756e-05
-0.000106503885266695
-0.000332982018709139
-0.00013465226082666
-0.000453047120187291
-0.66490015549612
-0.358553907314191
0.0416682915725258
0.985604132400316
0.108129606426743
0.129971082973936
-0.12721717650635
0.980638223992044
0.148877344305577
-0.111356563332262
-0.163268679971778
0.980277029182619
0.000127897646898477
7.46374879490589e-06
0.000120382744840818
-2.38370377511825e-06
9.06311899268899e-05
0.000305740133723778
7.64193780017038e-05
0.000240128321551161
-1.30815703152375e-05
2.04199449576973e-05
-1.95783473658206e-06
1.38994078786572e-05
-2.89808875405215e-05
-0.000100809179764973
-3.08260695589783e-05
-9.59954810172749e-05
3.37555515536716e-05
1.92192395206658e-05
3.73499008216443e-05
3.06486388223474e-06
4.53273274066967e-05
0.000150074472321915
3.22529360176343e-05
0.000102155318627888
6.53540277966337e-05
-4.27108984544139e-06
6.5692077295847e-05
1.44755342720467e-05
-9.28703795256646e-05
-0.000307431654407622
-6.59774364564708e-05
-0.000208993504926694
-0.687337480166088
-0.113339783871882
0.0838136310245949
0.992720289701404
0.0320783316816443
0.116092235105033
-0.0536139530162031
0.980810890828596
0.187444766461995
-0.107851613141094
-0.192304386503631
0.975390717853274
-1.49504084236094e-07
2.6671990902736e-06
4.00446761463832e-06
1.15398162703703e-05
4.95720833300733e-06
1.36103009020279e-05
-9.77657951864875e-06
-2.65876715477991e-05
-5.51293155189895e-05
3.54372102816597e-06
-5.15347940402927e-05
2.52163331337645e-05
-1.1463846873671e-05
-3.77291661992187e-05
-3.05274039203551e-05
-9.64075472128578e-05
-4.89872808688878e-05
5.36595718367457e-06
-4.7561807088602e-05
9.54009191378555e-06
3.04396949856512e-05
9.44337257529726e-05
3.224355076466e-05
0.00011093882305729
-3.85431623187105e-06
1.32119905649952e-05
7.29479016076447e-06
2.24816720972331e-05
-2.19928362892969e-05
-7.00527991289356e-05
-3.87868593488909e-05
-0.000126182548520759
-0.711101369679941
0.130355929455742
0.133217669927872
0.985066443682579
0.111923341702772
0.130832974103017
-0.137566689688238
0.968583642437801
0.207174162216581
-0.103535054057919
-0.222078574347024
0.969516167682219
-1.4780539432415e-06
-5.82905791532301e-06
-2.16432664378997e-06
1.28790929536707e-06
3.08696448974419e-05
9.61301697817337e-05
9.19927084147461e-06
3.11910135809447e-05
-0.000179627541972276
2.90931250135025e-05
-0.000153693252774311
1.77497915904141e-05
8.7125877367669e-05
0.00027805988284994
4.01042991216184e-05
0.000130542623043968
-7.28379344571211e-05
1.42235989810297e-05
-6.08291571214159e-05
8.89041732380268e-06
-2.54341937847781e-05
-9.25666534534562e-05
-3.56622756081567e-05
-0.000110130931204114
4.82702829926731e-05
4.84063651210644e-06
5.18407419474986e-05
1.46610751561389e-05
-7.74918789081501e-06
-3.25437694706116e-05
-1.99884209451737e-05
-6.09826586839351e-05
-0.736226230480972
0.372287885564035
0.190133990844453
0.993439133256224
0.0333272347947032
0.109398281229919
-0.0596663325827001
0.967125709753138
0.247199899455116
-0.0975634012898908
-0.252105448087556
0.962769040722291
0.000168689263339944
1.22351058894557e-05
0.000191812123193465
1.44854895715901e-05
-7.47607106765419e-05
-0.000239873758313835
-0.000146678953709036
-0.000473008089421969
-3.42955643592254e-05
-3.89068275979527e-07
-2.97600685779796e-05
2.11534739018011e-05
4.10804870052531e-05
0.000122219368153971
-8.84292629735441e-07
1.77898114350538e-05
-1.54470237197384e-05
8.75940689289805e-06
-1.06003619574448e-05
5.04898202893732e-06
-1.46173537778218e-05
-4.92070982256837e-05
-4.82863016872885e-05
-0.000150748535771331
0.000141503013147575
1.72022823299309e-05
0.000167272047758776
2.58911357855962e-05
5.77187440110622e-05
0.000176366248588698
3.82084011945847e-05
0.000142216023895573
-0.762660109288153
0.612078347433521
0.254704526917048
0.984632716432807
0.119206544259119
0.127625285644932
-0.149995551573993
0.95154622144217
0.268442029062407
-0.0894413116974775
-0.283460029395553
0.954803992187353
-0.000106928608409745
-1.82214676438676e-05
-9.84313289480458e-05
7.06990491514119e-06
-1.75465304938739e-05
-8.41784882632549e-05
-6.7304342880612e-05
-0.000204364249744805
-0.000315913746784772
1.90457370130942e-05
-0.000281680182509568
1.84243325967202e-05
0.000213658023765067
0.000690460397499402
0.000116388960555672
0.000374379214475144
-0.000193593103775881
1.05023586374304e-05
-0.000169339067718666
1.86069287487468e-05
-8.21030878522934e-05
-0.000291725612535717
-0.000100213840943879
-0.000310694284683133
2.31528673588037e-05
1.08866230996447e-06
2.78850849565366e-05
1.20031965145353e-05
8.87233181036483e-05
0.00027579352127482
2.5387214611875e-05
8.64818991417998e-05
-0.790187046140056
0.849426888763552
0.3273132305924
0.994861916375292
0.0329108368428684
0.0957425932612261
-0.0613768845740461
0.948147275904184
0.311848715301922
-0.0805148767996741
-0.316122792619857
0.945295580546189
0.000340617816435762
-1.58648787471318e-05
0.000368472800472126
1.27187081651886e-05
-8.45619711240344e-05
-0.00027701551796666
-0.000214260431302542
-0.000678709280453021
0
0
0
0
0
0
0
0
-0.000158247895309481
-2.72387723809386e-05
-0.000190778269850986
-4.53084253730233e-05
-2.65178441448384e-05
-8.95608589017145e-05
-9.01366366747811e-05
-0.000281043220161172
0.000258935711705999
9.18624501376348e-06
0.000292373274659295
2.52430507782179e-05
0.00013958701080267
0.000429339065323406
0.000116340492313938
0.000415070903107274
-0.377211876394889
-0.835430693778532
0.0140060512374514
0.988461930457243
0.0242165802972385
0.149521133206805
-0.0395549842227185
0.994152669081666
0.100478225407004
-0.146213594647968
-0.105233206719684
0.98363995290127
-0.00011073514576331
-1.97926552324683e-05
-0.000139588357297959
-5.2286008422154e-05
3.59304687396381e-05
0.000111140166223844
3.532907847413e-05
0.000122844586309893
-8.06261469442438e-05
7.38518813484406e-06
-8.31895833859557e-05
-1.11477176733239e-06
-4.49664019885964e-05
-0.00014185062263824
-6.76189209285402e-05
-0.000223277954459541
8.54635014477041e-06
-2.93912731454475e-05
-1.7009646151457e-05
-5.40260197946037e-05
7.22748563434661e-06
2.22230560733327e-05
5.9767548824779e-06
2.13533917294501e-05
0
0
0
0
0
0
0
0
-0.397031003747517
-0.587953672888879
0.041461108157959
0.982188759375827
0.102652629257213
0.157377503673031
-0.121973155350278
0.985439015388364
0.118458838101298
-0.142925821073978
-0.135544769935965
0.980407989060338
2.90649705020868e-05
8.48362070522585e-06
3.40623391527218e-05
1.38334420868549e-05
9.08607917417452e-05
0.00030098805033541
6.49806611349414e-05
0.000205764205591629
5.93506990444021e-05
1.46355035936615e-05
6.14966266724168e-05
5.62776609430801e-06
-7.33154473877006e-05
-0.000244122230985934
-5.50737168009815e-05
-0.000173969524133184
7.27247396292524e-05
2.21035860542438e-05
7.44119635289083e-05
2.85081901509955e-06
4.59940640997802e-05
0.000152333151046438
3.28343415181335e-05
0.000103979092587657
8.283367048573e-05
1.16584764665111e-05
8.02253419954806e-05
-1.63180388178992e-06
-5.27454336766395e-05
-0.000179429249730837
-4.76151056674342e-05
-0.00014919202275648
-0.418100088509746
-0.341486435431364
0.0762897063618238
0.988815215912436
0.0262415520011525
0.146819105461832
-0.0498372938177258
0.985950879921503
0.159427433420162
-0.140572802934876
-0.16496133889668
0.976231040145952
-4.20552393949191e-05
1.12907515973158e-05
-3.84738922434263e-05
3.83434231698064e-06
3.84739006041722e-05
0.0001197184745293
4.38175441917748e-05
0.000149323201227771
-4.08967245800166e-05
6.40073432682468e-06
-3.57954960275977e-05
2.23167049227198e-05
-1.63792546063662e-05
-5.19091988368356e-05
-2.66521483418076e-05
-8.73355558928139e-05
-2.85433419652949e-05
1.29090065924504e-05
-2.02471955857692e-05
1.76323782602154e-05
2.64028646909963e-05
8.19923133626569e-05
2.86592989725397e-05
9.82806815706066e-05
-6.50435926897681e-05
9.85385239133042e-06
-6.29121633781757e-05
1.01094944613597e-05
-5.23600734546517e-05
-0.000163596406272704
-6.53068327388435e-05
-0.000220078693057288
-0.440521757882572
-0.0962555725473824
0.118285411050977
0.981839766515653
0.102803507690791
0.159443129971027
-0.130763670228105
0.975634271384912
0.176177839263931
-0.137446482082896
-0.193827777435799
0.971359489199202
4.39993646495224e-05
9.1156374193161e-06
4.54408974645135e-05
6.02696835776379e-06
3.87025857242521e-05
0.000126839774814985
2.48065911974006e-05
7.90105467390679e-05
-4.39369134892406e-05
2.13500635335763e-05
-3.02832506148327e-05
1.51925602964388e-05
1.33547069707862e-05
4.02206462134868e-05
1.10271126841614e-06
4.84321037754449e-06
-4.73362514820653e-06
1.97736245954108e-05
3.32461489761947e-06
7.79274414579811e-06
5.53782441781383e-06
1.57698598872145e-05
-1.45247106877499e-06
-3.7334748314585e-06
3.18308057193329e-05
9.24110218561316e-06
3.6920425587554e-05
1.33324491107451e-05
-2.23979998431218e-05
-7.74108276021764e-05
-2.27746924753022e-05
-7.10359898877043e-05
-0.464255187140239
0.147538458169227
0.167404055419607
0.989284681554415
0.0275366001255571
0.143379058775351
-0.0584949094224812
0.974542657689658
0.216436951361902
-0.133769071213925
-0.222504705560812
0.965710873703853
5.77845250947441e-05
9.08279473281796e-06
6.98573137301594e-05
1.444706103303e-05
-2.7838726594598e-05
-8.95011509773361e-05
-5.61384947291165e-05
-0.000180649613959137
-2.30793658073386e-05
4.63208681861914e-06
-1.78399972490525e-05
1.90610329523023e-05
8.21814663306912e-06
2.33944254947446e-05
-9.1460065191183e-06
-2.3092879482299e-05
-3.02091218498168e-05
9.86224046925083e-06
-2.55769401123776e-05
8.37946676480915e-06
9.88550793671226e-06
2.9541318096859e-05
8.95648258555059e-07
7.57356374310837e-06
2.32544347003767e-05
1.34226069346235e-05
3.69019033618268e-05
2.36024951307629e-05
1.13208506134564e-05
3.40314698133624e-05
2.73078151148199e-06
1.37400880091538e-05
-0.489334413934794
0.389605186725917
0.223696179047945
0.981425134194389
0.106018464513567
0.159889934497803
-0.1419588363112
0.961930340069298
0.233533101823564
-0.129044158196704
-0.251893044835206
0.959112870938011
8.64483164805372e-06
1.47926817413674e-05
1.34339430814809e-05
2.59294467053529e-06
-1.51000423989139e-06
-1.55638866999009e-05
-2.32829911438314e-05
-7.0174880482053e-05
-0.000123383078679942
2.35953225909505e-05
-0.000105239919096057
9.85161309111174e-06
0.000109391296815566
0.000352065024650105
5.65550968252987e-05
0.000182550088848406
-9.74010679782403e-05
2.50966781111816e-05
-7.87277814423243e-05
1.53062553974973e-05
-2.75283099011866e-05
-0.00010055195978401
-3.93594594537684e-05
-0.00012148541313633
1.3956522493562e-05
7.42514084036198e-06
1.92049557533505e-05
1.13952805494227e-05
2.00981294076885e-05
5.94366507148488e-05
-6.35189539505112e-07
3.90104501684952e-07
-0.515665379034649
0.629703150497452
0.287348539667681
0.990340869299966
0.0275086417620795
0.135897892634848
-0.0645107722606001
0.958991820235329
0.275994653904875
-0.12273272936152
-0.282095663472759
0.951503396627325
0.000170716058459227
7.66692901292685e-06
0.000195391753681363
3.18499418366262e-05
-8.70262618285662e-05
-0.000277496207195252
-0.000155963840521212
-0.000506684864016246
7.39646272277278e-05
3.19625978042425e-06
7.93440945685656e-05
-1.20289720533221e-05
3.62490009130399e-05
0.000109515343204616
1.34167934352471e-05
5.78809319952667e-05
-3.62040529515375e-05
1.14465093675928e-05
-3.16423238260659e-05
3.26058007798858e-06
6.98694771905773e-07
-1.96242488881193e-06
-3.43645325819066e-05
-0.000101769245520853
9.42337211679739e-05
1.32228387271622e-05
0.000112149550415259
1.35446808468921e-05
7.18300195247778e-05
0.000220298491714037
5.44807651046672e-05
0.000197582755824018
-0.543212401239555
0.867450458218725
0.358621516240111
0.981250279641849
0.110511579370577
0.157908452996707
-0.153679893785704
0.94306597002451
0.294972992709069
-0.116320157104464
-0.313709685866966
0.942367154587023
0.000207597092501866
-4.06513876764756e-05
0.000174925072801767
-3.20210201030507e-05
3.20751377717586e-05
8.65148977432924e-05
-1.85352536513234e-05
-5.20587049448818e-05
0
0
0
0
0
0
0
0
-0.000174682553434515
-4.42213112606914e-05
-0.000183333294055382
-3.1202748099417e-05
1.52281581247911e-05
3.31897644426622e-05
-2.53735648522632e-05
-7.45478162789507e-05
-8.10561426396515e-05
7.70773999971663e-06
-7.55759196481738e-05
-6.84158036475908e-06
7.03564003510995e-05
0.000223684729921394
3.06078976085775e-05
0.000100074052650156
-0.13156278810037
-0.819897295985083
0.0559862895005951
0.977493019300344
0.0991815938520327
0.186199915843341
-0.116901941102387
0.989350939115568
0.0867101807035182
-0.175617007677476
-0.106525727935148
0.978678157466639
3.26934077968124e-05
-4.51734278457301e-05
7.14344174927425e-06
-3.44700661350794e-05
3.36882957198845e-05
0.00011157976326517
2.40827116209119e-05
7.62646903864056e-05
5.39499250283488e-05
-1.17171092416182e-07
5.04819910391156e-05
-6.07727128220856e-07
-4.36021667285357e-05
-0.000147736678169175
-3.8125182214132e-05
-0.000119615292510679
0.000215413759877289
-5.01319859952141e-05
0.000173286678084898
-4.58865805910291e-05
4.63996356947733e-05
0.000145961173567583
1.69436977971522e-05
5.62539025372881e-05
0
0
0
0
0
0
0
0
-0.1512636049499
-0.572415454315196
0.0833310996418994
0.984042926716424
0.019287933811563
0.176882712520626
-0.0430632260927185
0.990370027578351
0.131577988405898
-0.172641469345755
-0.137095529043569
0.975397221125016
-7.96631884769451e-05
1.29996129606572e-05
-7.79895546192752e-05
3.71586668196894e-06
3.98978324029081e-05
0.000124136843215883
4.53325854261002e-05
0.000154532344351309
-3.07653386980078e-06
5.92055553738679e-06
2.93743255397296e-06
1.45628054478727e-05
1.67915142455535e-06
4.11337939964308e-06
-7.53338723173351e-06
-2.15509790180649e-05
7.30264558780479e-05
1.51913821440134e-05
9.1033938594527e-05
2.24800523040302e-05
-4.69627498628563e-06
-1.71414106283824e-05
-2.68289264878698e-05
-8.2055030563994e-05
-4.95751016006947e-05
2.71303184584857e-07
-5.30204280678782e-05
5.73245508983641e-07
-3.79054514056115e-05
-0.000119225980162936
-5.40226101635523e-05
-0.000179367965129712
-0.172287548974244
-0.325938805744692
0.118068628693344
0.977574217183123
0.0968218708360904
0.187013836992359
-0.125184577883859
0.981281437516603
0.146340568009658
-0.169344239225446
-0.166470014456504
0.971396038147164
1.37265716699476e-05
2.09135266076236e-05
2.20304590478815e-05
1.14965451676834e-05
2.78432010555116e-05
9.13006577825869e-05
1.79482689059972e-05
5.71475035844561e-05
1.3411304933537e-05
1.22353299354515e-05
1.93659684542987e-05
1.04200913913045e-05
-1.27555593527432e-05
-4.50030909633685e-05
-1.48998430635752e-05
-4.62565715823385e-05
2.01745514205582e-05
2.39774146239609e-05
2.72525911377375e-05
6.56066801129574e-06
1.59462620690764e-05
4.93683010374643e-05
4.13865975776222e-06
1.42670135395665e-05
-6.42180661867324e-06
9.29545935569019e-06
-4.09066928286993e-07
8.99881877490421e-06
4.51498054905167e-06
1.13188662302896e-05
-4.41685603212935e-06
-1.27629290079524e-05
-0.19469781617448
-0.0806801603069995
0.159936220236232
0.984556690051282
0.0216684922895169
0.173719890965779
-0.0548321028070062
0.980550045150545
0.188454369694699
-0.166257524873387
-0.195069437373371
0.966595235879948
-8.48175900765878e-06
1.221408772855e-05
-4.25402823060172e-07
1.1918733472794e-05
5.68658939349124e-06
1.68144007778089e-05
-1.00725216658926e-06
-1.674138103852e-07
-1.72770576909278e-05
7.493585112793e-06
-1.02848940858995e-05
2.04005682953458e-05
-5.39097755869684e-07
-2.48505667789495e-06
-7.47507023447066e-06
-2.24798129032572e-05
7.62066935148019e-06
1.29455289302877e-05
1.78403615359214e-05
1.49132039968997e-05
8.01212565147601e-07
1.54818245331316e-06
-7.11801401549793e-06
-2.07530849692328e-05
-2.34413422201397e-05
7.97559707210901e-06
-1.74799689573342e-05
1.70287949142055e-05
-8.8603991903713e-06
-2.84279292564246e-05
-1.73720990002938e-05
-5.60240108030008e-05
-0.218409293324268
0.163150474879037
0.208842680279587
0.97733945443726
0.0968100136318353
0.188242960189441
-0.135098316866047
0.969893946885969
0.202618302662711
-0.162960226988799
-0.223458168466853
0.960994490808974
2.14340016257355e-05
1.63042311861429e-05
2.60728631563823e-05
5.33674418329955e-06
1.48214852240851e-05
4.5508111052541e-05
3.05337994132769e-06
1.08756508469715e-05
-5.48976220259891e-05
1.7353447250292e-05
-4.21748761944871e-05
1.33591711349765e-05
3.10214154101707e-05
9.83873194099527e-05
1.29872327752945e-05
4.2595988377255e-05
-2.38226056932937e-05
2.06457345291766e-05
-1.35888513505668e-05
9.73407855402361e-06
-1.12469536369951e-06
-6.5352014700413e-06
-6.7100584373386e-06
-2.03028482346839e-05
5.78447565852706e-06
1.1446131443885e-05
1.27735266632174e-05
1.25775088625817e-05
-1.93729241042789e-06
-9.2937372051614e-06
-7.43084417718393e-06
-2.25628348159111e-05
-0.243423628948962
0.405334768769262
0.264779410051627
0.985231146509956
0.0219199594419132
0.169820797680211
-0.0637136213338737
0.967488033953071
0.24476004292806
-0.158934459457986
-0.251965115711852
0.954595944921783
7.25499002511784e-05
1.5971755800443e-05
9.12974742395114e-05
2.42617938026058e-05
-2.7435471802187e-05
-8.85731630651621e-05
-5.84474755588977e-05
-0.000187307598651446
-3.39105151049952e-05
4.31161837002413e-06
-3.18828022812155e-05
9.84140075247732e-06
-5.92739835388074e-06
-2.0425161957992e-05
-2.35837439260245e-05
-7.30250630921765e-05
-3.3168456622842e-05
1.4473582651856e-05
-2.61055425863071e-05
1.00807783095757e-05
1.27134458117218e-05
3.83308675520649e-05
4.02883775015004e-06
1.82888440777556e-05
3.57960933710007e-05
1.0720130326227e-05
4.84959856670919e-05
2.05303143460469e-05
2.26801643035592e-05
6.9307243993905e-05
1.5063145518867e-05
5.60303382815696e-05
-0.269724827460374
0.645584457098718
0.327860390774408
0.97697244669545
0.0994630843755138
0.188764226601377
-0.147303097389567
0.954451628928016
0.259468467325216
-0.154358789504668
-0.281299098617764
0.947124163570694
2.8191945767073e-05
1.98137335606076e-05
3.27322697020966e-05
1.60070087041439e-06
2.03490149398668e-05
5.56684701316386e-05
-1.01283694251369e-05
-2.81243835901818e-05
-0.000105531753140472
1.41382542503355e-05
-9.21641704162792e-05
6.84322123455426e-06
7.32263264246132e-05
0.000233256156670354
3.27874967050635e-05
0.000106955600455079
-9.6991608139553e-05
2.4155907567246e-05
-7.90011238270692e-05
1.48011802334324e-05
-1.95406362336012e-07
-8.29726128539435e-06
-1.62195846051318e-05
-4.87873810624997e-05
2.98029670421191e-05
6.98233850093262e-06
3.18169416144831e-05
5.57876870643083e-06
9.48701804521516e-07
-2.84264978067172e-06
-1.19026616290612e-05
-3.5677573024864e-05
-0.297259458778023
0.883616363244709
0.39833573476376
0.986444228053159
0.0208196328676529
0.162770783090403
-0.0702435611731707
0.950019923825749
0.304184132472142
-0.148302484990367
-0.311494281201717
0.938604115548354
0.000200939420051419
-2.8961809972929e-05
0.000192452983136083
-4.82230628474815e-05
-3.61579917074809e-05
-0.000118723583510428
-9.40475245823847e-05
-0.000297459848196656
0
0
0
0
0
0
0
0
-0.000151642514410786
-3.36455443691465e-05
-0.00019382612211183
-6.95376900083068e-05
-6.54585068802362e-07
-5.14665291044392e-06
-2.71938421980014e-05
-8.11425064218161e-05
8.58014565306314e-05
7.78208589656715e-06
9.90526046864488e-05
9.64978953425681e-06
4.3778276278304e-05
0.000133265220535204
2.47104036539072e-05
9.51819173810992e-05
0.112660552296613
-0.806030895406555
0.105773248842443
0.977729927358351
0.010600652633426
0.209599177745474
-0.0324628094923248
0.994342272640817
0.101141538644418
-0.207341156425102
-0.105693287408618
0.972542324965377
-0.000152762370193022
-3.33688531042538e-05
-0.000194896966644269
-6.95551160454316e-05
-7.45312227137909e-07
-5.43704308851585e-06
-2.73661878619424e-05
-8.16997913007296e-05
8.67513773370661e-05
7.89599880563332e-06
0.000100120644081764
9.62402919291934e-06
4.39413268437916e-05
0.000133778913050566
2.49498298225918e-05
9.59743760567521e-05
0.000204767493660819
-2.85075100046213e-05
0.000196772132618135
-4.83198769880849e-05
-3.64294623929321e-05
-0.000119610300029715
-9.47147551077189e-05
-0.000299577658531824
0
0
0
0
0
0
0
0
0.0932518345716906
-0.558463264942215
0.132563943474168
0.971897576635952
0.093520672318199
0.216030054340397
-0.120307883983494
0.986128573996864
0.114352300363068
-0.202339105416074
-0.137128842320145
0.969667245514336
-9.78808097089216e-05
2.42695527794149e-05
-7.98938818443252e-05
1.45451195815647e-05
-4.65057311693314e-07
-9.16022466284182e-06
-1.63487930740153e-05
-4.92067169063113e-05
2.99297291493367e-05
7.05428023180086e-06
3.19253405718787e-05
5.51041478827463e-06
7.10095945039554e-07
-3.56281577624188e-06
-1.19256826510197e-05
-3.57740904989285e-05
3.00018923646228e-05
1.99077847234421e-05
3.43227373527019e-05
1.24510851639486e-06
2.05462603644144e-05
5.63642210876598e-05
-9.89836232539319e-06
-2.74103237339344e-05
-0.000106638665657796
1.43279401899651e-05
-9.31527598433437e-05
6.84349287493236e-06
7.33514950786287e-05
0.000233694733015838
3.29272024085293e-05
0.000107389929032576
0.0722908440469634
-0.311949180957572
0.166947960489768
0.97893257415153
0.0145263194335031
0.203666397102654
-0.0480916851155467
0.985807610877421
0.160843228514284
-0.198439424227665
-0.167249335962409
0.965737777314487
-3.31473457156897e-05
1.45491411187765e-05
-2.60782917297193e-05
9.93975211356507e-06
1.27415872025209e-05
3.84284928305103e-05
4.14636354572814e-06
1.86520496705793e-05
3.56561864890552e-05
1.07472226637491e-05
4.83529299698356e-05
2.05105449402023e-05
2.2784192738006e-05
6.96447735614894e-05
1.52990620478502e-05
5.67830500484394e-05
7.2442462322137e-05
1.60176528593002e-05
9.1195572881889e-05
2.42421195533853e-05
-2.75712778732334e-05
-8.89833996897183e-05
-5.84971909078781e-05
-0.000187522809876327
-3.40159936010667e-05
4.35622303992349e-06
-3.20067180123209e-05
9.72125145187888e-06
-5.99613904174026e-06
-2.061812559964e-05
-2.34841952397192e-05
-7.27634251314001e-05
0.0499317972433521
-0.0666498133180374
0.208615187553391
0.972256658704894
0.0908498758060532
0.215553449682484
-0.129588121315403
0.976359500591625
0.173000128376879
-0.194740618305321
-0.196133693358629
0.961045090467437
-2.34556780753275e-05
2.07133102186301e-05
-1.32375475779642e-05
9.71023305735205e-06
-1.21808103171211e-06
-6.8315185866725e-06
-6.74944368052857e-06
-2.04319450604793e-05
5.57512989688274e-06
1.13843688211971e-05
1.2577588169628e-05
1.26188837266691e-05
-2.05700166295821e-06
-9.68860528681935e-06
-7.51290834608026e-06
-2.2823261502537e-05
2.11717192722502e-05
1.62453219754341e-05
2.58160126595728e-05
5.35084497944364e-06
1.47899291141078e-05
4.54384526887526e-05
3.10413355275021e-06
1.10246380472189e-05
-5.47616711602336e-05
1.7397708624794e-05
-4.20421384078683e-05
1.33510993047773e-05
3.10597283971908e-05
9.85559164493253e-05
1.31022275875336e-05
4.29461055069012e-05
0.0262511208755007
0.177216982912469
0.257356064430852
0.979658565052462
0.0159245809395943
0.200038755348183
-0.0601294812644964
0.974337944021446
0.216910157260845
-0.191451146254637
-0.224526119999345
0.955476048907468
7.97918503821042e-06
1.29046189741013e-05
1.8214497829823e-05
1.49523097005524e-05
8.41830484443372e-07
1.67157765940018e-06
-7.09720347029734e-06
-2.06710610830576e-05
-2.36678955803575e-05
7.89325243712665e-06
-1.77319649751559e-05
1.716031487821e-05
-8.86013458400202e-06
-2.84347614296171e-05
-1.74367908658147e-05
-5.62161037669497e-05
-8.80947245151088e-06
1.21368249447616e-05
-7.89654531187399e-07
1.20324588947945e-05
5.72630345965888e-06
1.69431014221887e-05
-9.18474497329368e-07
1.16130358788444e-07
-1.70766828366744e-05
7.45966547677977e-06
-1.00710561006384e-05
2.04703675815479e-05
-6.27124833304882e-07
-2.75719964953637e-06
-7.56024503254091e-06
-2.27766496264591e-05
0.0012611029215521
0.419449183694174
0.313087466077352
0.972054534776437
0.090343980789508
0.216674748311081
-0.140511234877957
0.963300166440888
0.228712444366344
-0.188060028431447
-0.252766205158169
0.949074639444286
2.02091181928451e-05
2.38483995556379e-05
2.72810388619138e-05
6.64002710687198e-06
1.59965624027038e-05
4.94956054312554e-05
4.09198561233648e-06
1.41324450396891e-05
-6.48335007293136e-06
9.11753250563819e-06
-4.77517201357737e-07
9.0896862636375e-06
4.68312003849361e-06
1.18378028794057e-05
-4.37655372864014e-06
-1.26225146289605e-05
1.39128772094915e-05
2.07824861459573e-05
2.22046827559348e-05
1.15905786830598e-05
2.78636875910313e-05
9.13605933747036e-05
1.79462616517487e-05
5.71438215047953e-05
1.36746889878655e-05
1.20957970095387e-05
1.96037961578927e-05
1.04926022411868e-05
-1.26796699070487e-05
-4.47838895986389e-05
-1.49132293142756e-05
-4.62881373141855e-05
-0.0249740853439317
0.659812424282433
0.375830251129093
0.980447338119567
0.0150654069304119
0.196204104667249
-0.0694011340773301
0.959470244726544
0.2731306135774
-0.184137176482741
-0.28140697041546
0.941755603773376
7.21021926466006e-05
1.51319330248819e-05
9.0112941463149e-05
2.29139402526031e-05
-4.48601668375334e-06
-1.64890660533563e-05
-2.66055417469965e-05
-8.1286709109866e-05
-4.98305534747184e-05
2.1211006803948e-07
-5.33063173232675e-05
6.51171732101734e-07
-3.82900432888673e-05
-0.000120428204823155
-5.45073061424681e-05
-0.000180999380767013
-7.93462297304372e-05
1.29461609168411e-05
-7.76172890152099e-05
3.97560618784022e-06
4.01116897886898e-05
0.000124808598862023
4.56294577377667e-05
0.000155520758480976
-2.99863341664539e-06
5.81477528356371e-06
3.0083840443732e-06
1.47225457485979e-05
1.73538572248101e-06
4.27987846711669e-06
-7.54139948617157e-06
-2.15468320795111e-05
-0.0525859257384373
0.898011368562889
0.445701130668728
0.971522356683778
0.0921819368853225
0.218281471901918
-0.153875490346269
0.945984569133959
0.285369109104564
-0.180185026942564
-0.310830637924429
0.933229698730811
0.00021435129637352
-5.05857142154506e-05
0.000172176040071435
-4.58804768573584e-05
4.6640252600114e-05
0.000146764886005903
1.71301535134667e-05
5.68421080722524e-05
0
0
0
0
0
0
0
0
3.37588489279974e-05
-4.54388257031393e-05
8.05368556944114e-06
-3.4517904998494e-05
3.37550094794783e-05
0.000111812994722505
2.41562743202248e-05
7.64935226273659e-05
5.42493215064875e-05
-2.25764559091994e-07
5.07507109118292e-05
-5.70491443589281e-07
-4.40659852737328e-05
-0.000149291010869558
-3.84945588499871e-05
-0.000120778931068307
0.355316818191526
-0.793731039856595
0.163203428053424
0.96446050567413
0.0908648486087739
0.248111894680818
-0.11324003575795
0.99054646444965
0.0774234852472832
-0.23873128679823
-0.102768093558277
0.96563248270243
-0.000178979249523993
-4.34705011807372e-05
-0.000187142484161099
-3.12230982590486e-05
1.49222534261644e-05
3.20846561647721e-05
-2.57857202798144e-05
-7.58221055988195e-05
-8.07209139809098e-05
7.57912285659678e-06
-7.53704383341496e-05
-7.04514740096354e-06
7.07917455744084e-05
0.000225186588121089
3.10450114911521e-05
0.000101438089602266
0.000214185462095088
-3.9687065047389e-05
0.000181251124114368
-3.22833970481822e-05
3.27387841245701e-05
8.86707222269535e-05
-1.81502905188843e-05
-5.08254206012044e-05
0
0
0
0
0
0
0
0
0.336191823340119
-0.546100991102044
0.189196220811931
0.971635067716465
0.00553468925644106
0.236420520256713
-0.0374344873301085
0.990721023373857
0.130654173310265
-0.233503649525981
-0.135798457501885
0.96282647688883
-3.77381798445131e-05
1.14839417956088e-05
-3.33963219658557e-05
2.68638680117664e-06
8.39621895671102e-07
-1.5188305912518e-06
-3.41613110147858e-05
-0.000101095445158224
9.43734109145586e-05
1.32753691492098e-05
0.000112300751012174
1.34830195759137e-05
7.20252118881342e-05
0.000220940249197484
5.49952511711064e-05
0.000199208535244335
0.000173361888790261
7.69952854644216e-06
0.000198120860936371
3.13498433935886e-05
-8.79469236095524e-05
-0.000280352505243341
-0.000156941350747453
-0.000510047308854786
7.38161333839008e-05
3.1042451237402e-06
7.90650595014486e-05
-1.23649233502106e-05
3.65835081788116e-05
0.000110573882115639
1.39482222168677e-05
5.96263580244671e-05
0.315410961107011
-0.29949289729248
0.223026433598537
0.965638298282205
0.0875152567952135
0.244711578636393
-0.124793145302446
0.982081387659721
0.141219045804309
-0.227967865665691
-0.166904846665472
0.959256704111785
-9.73127666194736e-05
2.51664145589936e-05
-7.86337872679906e-05
1.5296808000277e-05
-2.78167304333368e-05
-0.000101466084301211
-3.94788651496374e-05
-0.000121877402978072
1.42062603351402e-05
7.30759269201821e-06
1.94188597664115e-05
1.14270175033059e-05
1.98071359514423e-05
5.84988457182851e-05
-7.88315572718749e-07
-1.03566976537307e-07
8.54538069723926e-06
1.46270173784579e-05
1.32990130625204e-05
2.62283179478665e-06
-1.65939766289096e-06
-1.59646770578835e-05
-2.31919991449135e-05
-6.99183926417432e-05
-0.000123531812830299
2.36805125333632e-05
-0.000105378227005039
9.8261966739084e-06
0.000109408831342574
0.000352227889646908
5.67878277491266e-05
0.000183251792982787
0.293121788868018
-0.05415298714273
0.264324572730676
0.973208763854007
0.00867833009687481
0.229759414484989
-0.0534834545161688
0.980420697948221
0.189511939274917
-0.223616238343221
-0.196723007351587
0.954618162580084
-2.99448343435124e-05
9.82871422893454e-06
-2.53072032776538e-05
8.39871231332402e-06
9.91052831128969e-06
2.9631951621349e-05
1.0327487802535e-06
7.99339771313004e-06
2.34110033155173e-05
1.33235600928349e-05
3.70524971046784e-05
2.37386120684276e-05
1.13879016263205e-05
3.42467815026554e-05
2.86380905944219e-06
1.41687035426848e-05
5.78579661547855e-05
9.05821781776746e-06
6.99458296817345e-05
1.45605535269793e-05
-2.78375903247144e-05
-8.94821088351603e-05
-5.6005293352507e-05
-0.000180253219119467
-2.32719775581806e-05
4.56652923012312e-06
-1.80680821348866e-05
1.91218420181627e-05
8.03214518964692e-06
2.28258133361242e-05
-9.27138241102268e-06
-2.35578580008651e-05
0.269496191452671
0.189767531978567
0.312863879506682
0.966114011643046
0.084351729246503
0.243943645705528
-0.135048339484968
0.970603301165731
0.199226448466409
-0.219967412380408
-0.22541964763372
0.949105009970634
-4.35952190660638e-06
1.96409173353195e-05
3.662190130062e-06
7.85659727858115e-06
5.58366347532865e-06
1.59276400724656e-05
-1.40720727019178e-06
-3.59213966325722e-06
3.20795347931793e-05
9.0927860709438e-06
3.71521598274885e-05
1.34306702056328e-05
-2.23396678289793e-05
-7.72462103803899e-05
-2.27931086816349e-05
-7.10846889547524e-05
4.39210422579025e-05
8.94736950802108e-06
4.53497516133216e-05
6.09528627581649e-06
3.85817129348769e-05
0.000126437686054213
2.47166334690323e-05
7.87262711392268e-05
-4.40716137178222e-05
2.11803718571473e-05
-3.04238933383418e-05
1.52726565516821e-05
1.34400868280243e-05
4.05115465568698e-05
1.1807488133094e-06
5.08760991504293e-06
0.244541826323722
0.432027163752721
0.368470841716156
0.974049811170435
0.00892509938589736
0.226157705948286
-0.0658421418176046
0.967180847623457
0.245409902716338
-0.216545093963613
-0.253932177148395
0.942669969654792
-2.87114325401469e-05
1.28341908361109e-05
-2.04273437475929e-05
1.77954628715118e-05
2.64084600994993e-05
8.2010679850895e-05
2.86737018126087e-05
9.8326258180587e-05
-6.48813752427354e-05
9.79435112691525e-06
-6.27474051401035e-05
1.01981528488009e-05
-5.24937970915512e-05
-0.000164016990649206
-6.54970698708015e-05
-0.000220710433673882
-4.18685318541923e-05
1.12389922750348e-05
-3.82801936472903e-05
3.91335080613114e-06
3.86005892080071e-05
0.000120112487170782
4.39600548125367e-05
0.000149809629885427
-4.11191361401278e-05
6.31465369380031e-06
-3.60347511144288e-05
2.24903036458231e-05
-1.63811715626508e-05
-5.1920915869881e-05
-2.67030960014251e-05
-8.74878865535027e-05
0.218296566475583
0.672422128928318
0.43111663316344
0.965743212505117
0.0833598354697582
0.245746180704302
-0.147405603539928
0.955605032220702
0.255128615485407
-0.213568807519558
-0.282613092805209
0.935156780561285
7.23292797402524e-05
2.20059207654861e-05
7.40718173582645e-05
3.01136561592667e-06
4.62415896846672e-05
0.000153154653935329
3.3014575858194e-05
0.000104549303196323
8.34845699080683e-05
1.16327332991161e-05
8.08379847621069e-05
-1.60411629994927e-06
-5.28932759709537e-05
-0.000179934711505154
-4.77538892305619e-05
-0.000149626195668826
2.92931046041463e-05
8.44951481992408e-06
3.43052095238306e-05
1.39372384671793e-05
9.09462140679816e-05
0.000301247777898174
6.49928444888334e-05
0.000205810616869255
5.91963601650437e-05
1.45315167943654e-05
6.13446584875691e-05
5.67738506203938e-06
-7.34453895151305e-05
-0.000244570926423047
-5.52050230233028e-05
-0.000174379188921039
0.190611796649875
0.910670025171504
0.500851440864997
0.974802245423051
0.00818545234651286
0.222920570356483
-0.0770943332686523
0.950110413882386
0.302236108382341
-0.209325216101737
-0.311806349842532
0.926800816843532
7.66791993581089e-06
-2.95547202617658e-05
-1.80433580074986e-05
-5.4081981897423e-05
7.23843113915101e-06
2.22632417605815e-05
6.04135299499593e-06
2.15508114014816e-05
0
0
0
0
0
0
0
0
-0.000110835006522502
-1.98794110420813e-05
-0.000139756800622663
-5.23861051794406e-05
3.60857913508831e-05
0.000111617774193683
3.5457786309284e-05
0.000123304280578244
-8.12376163628158e-05
7.37214779928027e-06
-8.38390601825655e-05
-1.05737915685684e-06
-4.50954895422777e-05
-0.000142257129083091
-6.78068939696855e-05
-0.000223900659533137
0.595896478206851
-0.783208832319394
0.228868560405551
0.961647764668711
-0.00617726148789734
0.27421782974158
-0.0212485168756584
0.995064206089447
0.0969315546670062
-0.273463118606983
-0.0990407350542598
0.956770011842791
-0.000164588890172453
-2.66813304581824e-05
-0.000197382190850204
-4.57136740556902e-05
-2.59493896562282e-05
-8.78234491306163e-05
-8.97569343342225e-05
-0.000279632445220745
0.000263890904345169
9.66871740843187e-06
0.000298135946590049
2.60962206924021e-05
0.000140766452507723
0.000433026065315713
0.000117824506308814
0.000420066293270312
0.000356398952129839
-1.48377954810667e-05
0.000385937800596956
1.27227441679245e-05
-8.68883375714256e-05
-0.000284352740965568
-0.000217747907802241
-0.000690228689923672
0
0
0
0
0
0
0
0
0.57728095428824
-0.535403427374797
0.253568311697833
0.956545986493857
0.0863544048714769
0.27850079440064
-0.119597876499402
0.987292090807178
0.104645474658129
-0.265925033908672
-0.133406312402691
0.954718090407732
-0.000196249765837214
1.05526677922345e-05
-0.000171914623748076
1.83108324310445e-05
-8.33440611219309e-05
-0.000295775899033976
-0.000100974192990209
-0.000313122412398182
2.62824930522239e-05
9.9547308029435e-07
3.08955065177797e-05
1.23304129443576e-05
8.73133483493744e-05
0.000271143763405611
2.44228280530562e-05
8.34211124571259e-05
-0.00010218392966849
-1.89802830838843e-05
-9.44095556414347e-05
6.55721762914932e-06
-1.62683187699522e-05
-7.97667054671389e-05
-6.6017117079776e-05
-0.00020034784478679
-0.000322040626578813
1.98273086767255e-05
-0.000286994067470549
1.90233642211895e-05
0.000214743225887889
0.000694073366699699
0.000117200676775657
0.00037694367436957
0.556742781915417
-0.288697910883586
0.286462669121211
0.964974601477976
-8.29567982358871e-05
0.262343308701767
-0.0434299261579951
0.986151480890458
0.16005967090891
-0.258723520415776
-0.165847067672983
0.951607529461564
-1.52997792183192e-05
8.66527149881827e-06
-1.04893687206339e-05
5.09456825556411e-06
-1.45981527046133e-05
-4.91129921949727e-05
-4.79723213081693e-05
-0.000149805978571508
0.000143313732454717
1.71508900293074e-05
0.000169328010268662
2.6485920502557e-05
5.79265336602367e-05
0.000177010947362011
3.84285743509823e-05
0.000142973528342745
0.000168540572523947
1.22896274976012e-05
0.000191742244607555
1.48077988582774e-05
-7.43383615889814e-05
-0.000238539274587732
-0.000146024832049328
-0.00047085429718227
-3.723914446201e-05
-4.13106906120005e-07
-3.28173024463983e-05
2.17435598480027e-05
4.01700035550001e-05
0.000119399886087342
-1.80493963116906e-06
1.46017342514492e-05
0.53463570425841
-0.0432254119125672
0.327162696398311
0.958608636610222
0.080888331515174
0.272995530441402
-0.130236229816485
0.977184170520769
0.167778488867983
-0.25319558894159
-0.1963878171077
0.947271776752688
-7.29393753171424e-05
1.41733104484518e-05
-6.0915083438098e-05
8.96148040544759e-06
-2.55328788791219e-05
-9.2854058546001e-05
-3.5649788386113e-05
-0.000110104677392266
4.93019010482385e-05
4.71498799987333e-06
5.28646866687587e-05
1.49084230652634e-05
-7.90972249981597e-06
-3.30981725023025e-05
-2.01506876924224e-05
-6.14888784233305e-05
-4.72781089939227e-07
-5.96876461334329e-06
-1.25792943713229e-06
1.29754633112159e-06
3.11679332869705e-05
9.71291990333328e-05
9.43563372747006e-06
3.19358022985989e-05
-0.000181743586434772
2.89832528330495e-05
-0.000155563047416262
1.81230564138648e-05
8.73842315874237e-05
0.000278877379491996
4.02083522491426e-05
0.000130885091149617
0.511087076021097
0.200723188761952
0.375409973722173
0.96669740766581
0.0015661754177586
0.255917309119104
-0.0593672060818402
0.974076175404301
0.21829140924866
-0.248941071047424
-0.22621483506678
0.941729893091151
-4.88799574951701e-05
5.26904545210275e-06
-4.74671970196169e-05
9.66123511251854e-06
3.03334667400731e-05
9.41056026794209e-05
3.21431300105185e-05
0.000110587638101249
-3.51430404644589e-06
1.31669809777156e-05
7.69523291843403e-06
2.27356989830885e-05
-2.21735972248969e-05
-7.06242759232171e-05
-3.90689660147747e-05
-0.000127110612574337
-4.46437406719897e-07
2.599912244278e-06
3.66378723568598e-06
1.15745075645177e-05
5.24724733795044e-06
1.45168728119136e-05
-9.41173600473298e-06
-2.5359393578122e-05
-5.61703171752608e-05
3.481473348248e-06
-5.25832485605366e-05
2.56425046646463e-05
-1.15668187705216e-05
-3.80501770817554e-05
-3.06493938447065e-05
-9.68211531688691e-05
0.486170943388332
0.443029459805076
0.43087719294235
0.959103210734883
0.0770367805046511
0.272371741573015
-0.141488788621864
0.963890625877987
0.225600939800478
-0.245156998375238
-0.254912133477439
0.935370434829765
3.35617851544882e-05
1.91331710077186e-05
3.71632518303012e-05
3.11251762122188e-06
4.55199871689545e-05
0.00015070437665985
3.23732701332022e-05
0.000102539158887
6.55243891224854e-05
-4.31678107195948e-06
6.58758811350613e-05
1.45732743340518e-05
-9.28820279331887e-05
-0.000307474894479945
-6.59955056366902e-05
-0.000209049173672255
0.000128510958011236
7.46043044502017e-06
0.000120965623982933
-2.35353352912419e-06
9.08491546436363e-05
0.000306467200515087
7.65858520426101e-05
0.000240653764678876
-1.34856911388112e-05
2.0331133090582e-05
-2.30191603565724e-06
1.40504644000193e-05
-2.9169488741242e-05
-0.00010147128977645
-3.10393818478588e-05
-9.6658393996632e-05
0.459933760183296
0.683412953305182
0.493525464803112
0.967390576783741
0.000386766495181473
0.253289009555682
-0.0721607276928702
0.958978604552959
0.274140229423727
-0.242792712676586
-0.283478193907991
0.927734774733495
-4.04948258575979e-05
4.86959355819161e-06
-3.55145595299138e-05
2.15570235507215e-05
7.37881625473225e-05
0.000230148289448839
8.86222910321509e-05
0.0003000080821934
-0.000152989636842816
-4.20340928155293e-06
-0.000161910576561826
1.88002641738903e-05
-0.000106858608134066
-0.000334092469072288
-0.000135112648774956
-0.000454591435879929
-0.000154664444975438
-4.16859202801265e-06
-0.000163767253176671
1.39194771882634e-05
9.25335547382584e-05
0.000290825327753173
0.00012992421296721
0.000432056369906539
-6.88321871118782e-05
-8.83256154932956e-07
-6.85385690150416e-05
2.58255678997412e-05
-6.54633697128067e-05
-0.000203515802560808
-7.29518325136183e-05
-0.000249307650103276
0.432159339257552
0.921687897405732
0.563120770184556
0.958237011527504
0.0767411534018007
0.275486161382745
-0.156540329120673
0.946938902605715
0.280716654459039
-0.239326043500556
-0.312117782425874
0.919404989542652
0.000152393286216058
-2.87810084133309e-05
0.000123511922955518
-3.35263945174478e-05
6.99163901234478e-05
0.000230520814785731
4.77641586777373e-05
0.000151609897166344
0
0
0
0
0
0
0
0
0.000195396245712875
-7.9371203450969e-06
0.000174549275667599
-1.71857034024625e-05
7.44951716391446e-05
0.000256214386502982
7.31519794222484e-05
0.000228461605200924
0.000161858484433254
-9.88425262330056e-06
0.000152932732765135
8.75800066451399e-06
-0.000135406898181827
-0.000452893171133913
-0.000105985970332578
-0.000334149510800959
0.834030103144888
-0.774056161735329
0.303212814178872
0.944140463577056
0.086889783503186
0.317881975832755
-0.111108034710507
0.992065495516752
0.0588307507001193
-0.310247948678645
-0.0908637338432401
0.946303329917428
-0.000367574636544399
-2.30532272325343e-05
-0.00033901933893235
4.93570093477417e-06
-1.68461425442522e-05
-9.75773482119442e-05
-9.98331051255572e-05
-0.000302088400922754
2.081356068829e-05
9.61571816995984e-06
1.4485902828769e-05
-3.50628445886048e-05
0.000132428378630007
0.000412788958335864
4.02918189110134e-05
0.000136282854237471
0
0
0
0
0
0
0
0
0
0
0
0
0
0
0
0
0.816049350506346
-0.526142331047889
0.326016641828382
0.953336363209853
-0.00837614948867009
0.301794000439961
-0.0309889653313722
0.991620532991743
0.125412928268433
-0.300315605004973
-0.128912988751776
0.945088344400449
0.000101995075974103
-1.17639493220457e-05
0.0001101563683868
1.48532058459614e-05
-5.7011138889782e-05
-0.000185932635431356
-0.000137399016959823
-0.000436615970639781
0.000246282986224695
-1.65959438568688e-05
0.000250677645281919
-4.68224675333971e-05
5.90416208683628e-05
0.000175311029773287
-4.16989098823436e-06
1.69435251872646e-05
0
0
0
0
0
0
0
0
-1.15092886939349e-05
1.35547776698217e-06
-1.81267871797743e-05
-5.52416967136004e-05
4.68805933257339e-05
0.000136249789267289
-2.84529036714645e-05
-6.12716758759809e-05
0.79596683119956
-0.279314778270166
0.357587297556896
0.94844070667362
0.0807391948889891
0.306498626967761
-0.126028943319532
0.983345519362293
0.130951498639248
-0.290821132949803
-0.162827429995013
0.94282039470464
-0.000189788444801745
1.9437315367512e-05
-0.000167002662146654
8.49988890529298e-06
-6.20804543180711e-05
-0.000226053418025648
-8.72833700869235e-05
-0.000269526751684489
0.000226351508218267
-6.48050255355701e-05
0.000183750335836061
-3.63419555286634e-05
5.74987000361809e-05
0.000176301050152705
1.13856679921234e-05
4.08156612036259e-05
0
0
0
0
0
0
0
0
-0.000248500811163761
-2.07539497486019e-05
-0.000243649335793285
-2.86337272532673e-05
0.000152145856908728
0.000479772332818689
5.79428425555395e-05
0.000191623701522797
0.774148282701792
-0.0338561405952133
0.397307016484393
0.957518690274031
-0.00658794742860352
0.288295953361442
-0.0503177981902102
0.980585079929957
0.189528415294512
-0.283947313706599
-0.195983417582809
0.938597050427588
1.23903945130124e-06
-4.07738493594356e-06
4.30459422686396e-07
2.84509107537998e-06
1.2576249973929e-05
3.72323448103322e-05
-1.82825596729643e-06
8.17237272085435e-07
9.9003944040859e-05
-3.59607953460511e-05
7.8118671452814e-05
-5.05675341362807e-05
-2.29059391507203e-06
-9.7479743592672e-06
-2.48886773880559e-05
-7.51027123631268e-05
0
0
0
0
0
0
0
0
-0.000167060134497878
-4.21501182387788e-05
-0.000209696258737369
-5.23119734510358e-05
-3.90039125579703e-06
-1.7008342747667e-05
-4.585696106713e-05
-0.000138215654037111
0.750754492867326
0.210073413221489
0.445130525257826
0.950589663033399
0.0731403499193493
0.301711421308051
-0.136456379696675
0.971375036899254
0.194448435655961
-0.278852916380888
-0.226011121192406
0.933359536364859
-6.04508491532269e-06
4.29595733289827e-06
-1.9301393669061e-06
6.91567535402615e-06
1.58906393884686e-05
4.68450578005963e-05
-8.14291518286855e-07
-6.29898492022969e-07
0.000201261485670298
-6.42611692436635e-05
0.000160692825659208
-3.30694616174098e-05
-4.86795195994139e-06
-2.16316595643077e-05
-1.50598499770862e-05
-4.58371930965763e-05
0
0
0
0
0
0
0
0
-6.27295175675676e-05
-5.56979067003525e-05
-8.35934574230076e-05
-3.26059574071478e-05
4.04660083132584e-05
0.000126708878612085
1.35431461455231e-05
4.53526086249501e-05
0.725924519943509
0.452281201425611
0.500309147389512
0.959478815056712
-0.00781016454657443
0.281672513368137
-0.0650541453887344
0.966471570167169
0.248396179975352
-0.274168491306185
-0.256654837064026
0.926800913350073
-0.000122264677895026
3.58878396888098e-06
-0.00012974672619079
-4.67781524553664e-06
7.86743771682813e-05
0.000246878079931236
0.000107201868504052
0.000357652865635386
-5.21684447955747e-05
-2.20444359038027e-05
-7.5726109740035e-05
-4.00157286102216e-05
-4.96462197721477e-05
-0.00015340709485314
-4.74559277416849e-05
-0.000165698001900399
0
0
0
0
0
0
0
0
-0.000143501549063787
-4.06313368466797e-05
-0.000184036990183471
-4.77495992282804e-05
-3.40267890141361e-05
-0.000107896443894229
-5.59394370681924e-05
-0.000183150788832838
0.699655585790067
0.692540315704783
0.563124155773245
0.950872918703541
0.0667692275036531
0.302295489107551
-0.147662290699509
0.95605008955514
0.25330628528914
-0.272096564442814
-0.285499731208586
0.918941436163504
0.00016240610787453
-6.10050868890397e-06
0.000153189479299532
8.55309538729346e-06
0.000106063193707319
0.000357881933405333
8.96030289188379e-05
0.000281533878110474
0.000213389560336888
-1.47335422464597e-05
0.000190627932613132
-1.62282994894852e-05
-7.65662320309051e-05
-0.000257441006942065
-6.2791082714258e-05
-0.00019754832666866
0
0
0
0
0
0
0
0
8.7623263992892e-05
-3.54808032023851e-05
6.41191736007915e-05
-2.62691557357089e-05
-5.79935330728903e-05
-0.000187688519880126
-3.22146471912837e-05
-0.00010349517300388
0.671807748919765
0.930736408816306
0.632827218090421
0.960061395968217
-0.00858912910168742
0.279657545639008
-0.0801790131779819
0.949162110878197
0.30440534344694
-0.268054923135846
-0.314670485006966
0.91056523327443
-0.000168162534574539
-6.17291018266427e-06
-0.000188881993604797
-2.76978605093495e-05
6.60910504409863e-05
0.000208818659167839
0.000102229164678596
0.000336633395101903
0
0
0
0
0
0
0
0
0
0
0
0
0
0
0
0
-0.00018282196282079
-9.0235156449926e-06
-0.000205536552290584
-2.20301023209511e-05
-6.96824074981078e-05
-0.000218588247291813
-9.4361189604046e-05
-0.000315035730385782
