0.937156894854848
-0.0597226226965764
0.0367967258719158
0.999512162086484
8.71717066199994e-06
0.0312320006799453
-0.000482001384468185
0.999885171674267
0.0151463261594494
-0.0312282823346548
-0.0151539911245245
0.999397393924675
8.17591945076832e-07
4.19739339778962e-09
8.93285464684486e-07
4.18385109444814e-08
-6.88602143679157e-08
-2.09519958051502e-07
-3.91520195438303e-08
-1.44097352721898e-07
-1.23406124126791e-06
-7.53003934367179e-07
-2.12075269777623e-06
-9.43447362461343e-07
-2.34461988958371e-08
-6.80640561548015e-08
1.0706844700462e-08
2.22190294000831e-08
0
0
0
0
0
0
0
0
-6.81638137366157e-07
-7.72974798460379e-07
-1.51695929236212e-06
-8.87811917895514e-07
7.07020139774018e-08
2.22027589288908e-07
9.08670683044037e-08
2.98205053739842e-07
